0 0.000 0.000
1 0.008 1.648
2 0.016 1.799
3 0.024 0.355
4 0.031 -1.370
5 0.039 -1.842
6 0.047 -0.673
7 0.055 1.064
8 0.063 1.819
9 0.071 0.947
10 0.078 -0.743
11 0.086 -1.736
12 0.094 -1.170
13 0.102 0.419
14 0.110 1.600
15 0.118 1.338
16 0.125 -0.102
17 0.133 -1.418
18 0.141 -1.449
19 0.149 -0.197
20 0.157 1.200
21 0.165 1.503
22 0.173 0.468
23 0.180 -0.957
24 0.188 -1.502
25 0.196 -0.705
26 0.204 0.697
27 0.212 1.450
28 0.220 0.902
29 0.227 -0.431
30 0.235 -1.352
31 0.243 -1.055
32 0.251 0.169
33 0.259 1.214
34 0.267 1.161
35 0.275 0.082
36 0.282 -1.045
37 0.290 -1.221
38 0.298 -0.312
39 0.306 0.852
40 0.314 1.234
41 0.322 0.516
42 0.329 -0.642
43 0.337 -1.205
44 0.345 -0.689
45 0.353 0.426
46 0.361 1.137
47 0.369 0.826
48 0.376 -0.209
49 0.384 -1.035
50 0.392 -0.926
51 0.400 -0.000
52 0.408 0.904
53 0.416 0.987
54 0.424 0.195
55 0.431 -0.752
56 0.439 -1.011
57 0.447 -0.369
58 0.455 0.584
59 0.463 0.999
60 0.471 0.520
61 0.478 -0.408
62 0.486 -0.953
63 0.494 -0.642
64 0.502 0.230
65 0.510 0.878
66 0.518 0.734
67 0.525 -0.056
68 0.533 -0.778
69 0.541 -0.795
70 0.549 -0.108
71 0.557 0.659
72 0.565 0.825
73 0.573 0.257
74 0.580 -0.525
75 0.588 -0.824
76 0.596 -0.387
77 0.604 0.382
78 0.612 0.796
79 0.620 0.495
80 0.627 -0.237
81 0.635 -0.742
82 0.643 -0.579
83 0.651 0.093
84 0.659 0.666
85 0.667 0.637
86 0.675 0.045
87 0.682 -0.573
88 0.690 -0.670
89 0.698 -0.171
90 0.706 0.467
91 0.714 0.677
92 0.722 0.283
93 0.729 -0.353
94 0.737 -0.662
95 0.745 -0.378
96 0.753 0.234
97 0.761 0.624
98 0.769 0.453
99 0.776 -0.115
100 0.784 -0.568
101 0.792 -0.508
102 0.800 -0.000
103 0.808 0.496
104 0.816 0.542
105 0.824 0.107
106 0.831 -0.413
107 0.839 -0.555
108 0.847 -0.203
109 0.855 0.321
110 0.863 0.548
111 0.871 0.285
112 0.878 -0.224
113 0.886 -0.523
114 0.894 -0.352
115 0.902 0.126
116 0.910 0.482
117 0.918 0.403
118 0.925 -0.031
119 0.933 -0.427
120 0.941 -0.436
121 0.949 -0.059
122 0.957 0.362
123 0.965 0.453
124 0.973 0.141
125 0.980 -0.288
126 0.988 -0.452
127 0.996 -0.212
128 1.004 0.210
129 1.012 0.437
130 1.020 0.272
131 1.027 -0.130
132 1.035 -0.407
133 1.043 -0.318
134 1.051 0.051
135 1.059 0.366
136 1.067 0.350
137 1.075 0.025
138 1.082 -0.315
139 1.090 -0.368
140 1.098 -0.094
141 1.106 0.256
142 1.114 0.372
143 1.122 0.155
144 1.129 -0.193
145 1.137 -0.363
146 1.145 -0.207
147 1.153 0.128
148 1.161 0.343
149 1.169 0.249
150 1.176 -0.063
151 1.184 -0.312
152 1.192 -0.279
153 1.200 -0.000
154 1.208 0.272
155 1.216 0.297
156 1.224 0.059
157 1.231 -0.226
158 1.239 -0.304
159 1.247 -0.111
160 1.255 0.176
161 1.263 0.301
162 1.271 0.157
163 1.278 -0.123
164 1.286 -0.287
165 1.294 -0.193
166 1.302 0.069
167 1.310 0.264
168 1.318 0.221
169 1.325 -0.017
170 1.333 -0.234
171 1.341 -0.239
172 1.349 -0.032
173 1.357 0.198
174 1.365 0.248
175 1.373 0.077
176 1.380 -0.158
177 1.388 -0.248
178 1.396 -0.117
179 1.404 0.115
180 1.412 0.240
181 1.420 0.149
182 1.427 -0.071
183 1.435 -0.223
184 1.443 -0.174
185 1.451 0.028
186 1.459 0.201
187 1.467 0.192
188 1.475 0.013
189 1.482 -0.173
190 1.490 -0.202
191 1.498 -0.052
192 1.506 0.141
193 1.514 0.204
194 1.522 0.085
195 1.529 -0.106
196 1.537 -0.199
197 1.545 -0.114
198 1.553 0.070
199 1.561 0.188
200 1.569 0.137
201 1.576 -0.035
202 1.584 -0.171
203 1.592 -0.153
204 1.600 -0.000
205 1.608 0.149
206 1.616 0.163
207 1.624 0.032
208 1.631 -0.124
209 1.639 -0.167
210 1.647 -0.061
211 1.655 0.097
212 1.663 0.165
213 1.671 0.086
214 1.678 -0.067
215 1.686 -0.158
216 1.694 -0.106
217 1.702 0.038
218 1.710 0.145
219 1.718 0.121
220 1.725 -0.009
221 1.733 -0.129
222 1.741 -0.131
223 1.749 -0.018
224 1.757 0.109
225 1.765 0.136
226 1.773 0.042
227 1.780 -0.087
228 1.788 -0.136
229 1.796 -0.064
230 1.804 0.063
231 1.812 0.131
232 1.820 0.082
233 1.827 -0.039
234 1.835 -0.123
235 1.843 -0.096
236 1.851 0.015
237 1.859 0.110
238 1.867 0.105
239 1.875 0.007
240 1.882 -0.095
241 1.890 -0.111
242 1.898 -0.028
243 1.906 0.077
244 1.914 0.112
245 1.922 0.047
246 1.929 -0.058
247 1.937 -0.109
248 1.945 -0.062
249 1.953 0.039
250 1.961 0.103
251 1.969 0.075
252 1.976 -0.019
253 1.984 -0.094
254 1.992 -0.084
255 2.000 -0.000
