-3.9135362e-15
-2.3444321
-4.6285892
-6.7937260
-8.7841196
-10.548493
-12.041334
-13.224076
-14.066115
-14.545634
-14.650219
-14.377238
-13.733983
-12.737559
-11.414520
-9.8002596
-7.9381580
-5.8785119
-3.6772580
-1.3945222
0.90697432
3.1636174
5.3126688
7.2940593
9.0521593
10.537482
11.708267
12.531908
12.986165
13.060135
12.754938
12.084085
11.073509
9.7612391
8.1967096
6.4397101
4.5589814
2.6304812
0.73535049
-1.0423793
-2.6182878
-3.9102197
-4.8410225
-5.3413000
-5.3521018
-4.8274765
-3.7367976
-2.0667992
0.17676625
2.9679086
6.2596841
9.9840326
14.052207
18.355818
22.768511
27.148258
31.340258
35.180382
38.499138
41.126034
42.894306
43.645863
43.236340
41.540154
38.455402
33.908482
27.858295
20.299870
11.267325
0.83601362
-10.876245
-23.708927
-37.459629
-51.886005
-66.708832
-81.616196
-96.268745
-110.30595
-123.35335
-135.03044
-144.95940
-152.77412
-158.12964
-160.71150
-160.24509
-156.50452
-149.32091
-138.58974
-124.27729
-106.42567
-85.156418
-60.672512
-33.258633
-3.2795563
28.823313
62.537319
97.285797
132.43712
167.31540
201.21265
233.40234
263.15390
289.74799
312.49234
330.73752
343.89273
351.44070
352.95197
348.09769
336.66083
318.54544
293.78394
262.54150
225.11835
181.94887
133.59813
80.755363
24.224771
-35.086498
-96.182877
-157.99721
-219.40971
-279.26846
-336.41141
-389.68903
-437.98770
-480.25278
-515.51117
-542.89313
-561.65222
-571.18341
-571.03912
-560.94189
-540.79437
-510.68585
-470.89520
-421.88980
-364.32111
-299.01624
-226.96564
-149.30774
-67.309891
17.653332
104.12450
190.58971
275.50662
357.33344
434.55832
505.72891
569.48071
624.56451
669.87189
704.45789
727.56128
738.62140
737.29083
723.44440
697.18420
658.83954
608.96301
548.32202
477.88617
398.81030
312.41437
220.15955
123.62167
24.462294
-75.601959
-174.83133
-271.49530
-363.90494
-450.44446
-529.60138
-599.99493
-660.40143
-709.77722
-747.27795
-772.27344
-784.35950
-783.36414
-769.35040
-742.61401
-703.67682
-653.27582
-592.34845
-522.01379
-443.55042
-358.37192
-267.99930
-174.03210
-78.118095
18.077604
112.90343
204.75163
292.08737
373.47607
447.60846
513.32288
569.62451
615.70123
650.93536
674.91217
687.42352
688.46838
678.24890
657.16266
625.79144
584.88696
535.35333
478.22699
414.65472
345.87006
273.16849
197.88203
121.35387
44.913357
-30.148144
-102.59993
-171.29292
-235.17851
-293.32486
-344.93051
-389.33517
-426.02740
-454.64914
-474.99716
-487.02173
-490.82193
-486.63867
-474.84497
-455.93417
-430.50613
-399.25204
-362.93781
-322.38693
-278.46268
-232.05042
-184.04004
-135.30925
-86.707634
-39.042126
6.9361563
50.543308
91.172195
128.30006
161.49406
190.41476
214.81763
234.55247
249.56111
259.87326
265.60098
266.93152
264.11938
257.47723
247.36613
234.18561
218.36328
200.34464
180.58316
159.53078
137.62909
115.30139
92.945511
70.927834
49.578350
29.186869
10.000376
-7.7784600
-23.991682
-38.525410
-51.308270
-62.308964
-71.533127
-79.019600
-84.836212
-89.075279
-91.848869
-93.284065
-93.518257
-92.694641
-90.958008
-88.450920
-85.310287
-81.664520
-77.631203
-73.315292
-68.807945
-64.185860
-59.511192
-54.831902
-50.182598
-45.585728
-41.053085
-36.587551
-32.185013
-27.836329
-23.529367
-19.250921
-14.988549
-10.732217
-6.4757104
-2.2177954
2.0369284
6.2774754
10.486245
14.639107
18.705778
22.650492
26.432903
30.009209
33.333424
36.358799
39.039280
41.331017
43.193810
44.592506
45.498253
45.889606
45.753426
45.085564
43.891285
42.185471
39.992496
37.345932
34.287914
30.868338
27.143826
23.176508
19.032669
14.781283
10.492485
6.2360134
2.0796688
-1.9121661
-5.6799150
-9.1700621
-12.336242
-15.140140
-17.552183
-19.552002
-21.128645
-22.280579
-23.015425
-23.349491
-23.307079
-22.919615
-22.224606
-21.264467
-20.085260
-18.735350
-17.264042
-15.720226
-14.151073
-12.600799
-11.109550
-9.7124214
-8.4386511
-7.3109818
-6.3452411
-5.5501142
-4.9271388
-4.4709058
-4.1694589
-4.0048885
-3.9540887
-3.9896643
-4.0809569
-4.1951604
-4.2984915
-4.3573895
-4.3396964
-4.2157989
-3.9596906
-3.5499225
-2.9704223
-2.2111492
-1.2685720
-0.14595063
1.1465845
2.5921612
4.1674995
5.8434448
7.5856819
9.3556204
11.111418
12.809122
14.403896
15.851296
17.108562
18.135895
18.897665
19.363541
19.509495
19.318640
18.781904
17.898489
16.676121
15.131063
13.287908
11.179122
8.8443813
6.3296924
3.6863263
0.96958941
-1.7625346
-4.4508414
-7.0364189
-9.4621782
-11.674362
-13.623984
-15.268167
-16.571329
-17.506201
-18.054615
-18.208086
-17.968105
-17.346191
-16.363651
-15.051085
-13.447613
-11.599874
-9.5607901
-7.3881512
-5.1430402
-2.8881543
-0.68605441
1.4025995
3.3207803
5.0167451
6.4455547
7.5704165
8.3638124
8.8083696
8.8974543
8.6354494
8.0377293
7.1302924
5.9490938
4.5390558
2.9528060
1.2491605
-0.50860488
-2.2546484
-3.9225686
-5.4474678
-6.7680111
-7.8284230
-8.5803566
-8.9845800
-9.0124264
-8.6469564
-7.8837924
-6.7315898
-5.2121296
-3.3600066
-1.2219260
1.1443913
3.6716676
6.2848592
8.9032335
11.442681
13.818202
15.946483
17.748518
19.152168
20.094604
20.524534
20.404161
19.710815
18.438147
16.596910
14.215242
11.338426
8.0281544
4.3612666
0.42799559
-3.6702359
-7.8234286
-11.915961
-15.829809
-19.447943
-22.657810
-25.354811
-27.445641
-28.851439
-29.510590
-29.381140
-28.442699
-26.697790
-24.172560
-20.916832
-17.003464
-12.527002
-7.6016669
-2.3586812
3.0569844
8.4903879
13.780811
18.766281
23.288275
27.196512
30.353662
32.639854
33.956841
34.231693
33.419872
31.507633
28.513588
24.489410
19.519598
13.720304
7.2371755
0.24229373
-7.0697846
-14.486774
-21.784103
-28.730921
-35.096512
-40.656971
-45.201942
-48.541248
-50.511192
-50.980396
-49.854935
-47.082649
-42.656448
-36.616478
-29.051083
-20.096462
-9.9349670
1.2079209
13.067940
25.347630
37.723049
49.851505
61.380074
71.954773
81.230110
88.878822
94.601456
98.135651
99.264740
97.825569
93.715065
86.895630
77.398888
65.327858
50.857281
34.232124
15.764166
-4.1732397
-25.152222
-46.699097
-68.304596
-89.435341
-109.54642
-128.09462
-144.55220
-158.42067
-169.24435
-176.62338
-180.22563
-179.79753
-175.17313
-166.28136
-153.15121
-135.91454
-114.80639
-90.162987
-62.416946
-32.090092
0.21611984
33.832443
68.035660
102.06416
135.13481
166.46094
195.27086
220.82652
242.44189
259.50064
271.47250
277.92825
278.55225
273.15311
261.67136
244.18413
220.90704
192.19257
158.52530
120.51390
78.880112
34.444725
-11.888976
-59.154060
-106.34068
-152.41817
-196.35815
-237.15796
-273.86389
-305.59381
-331.55847
-351.08112
-363.61475
-368.75665
-366.26007
-356.04224
-338.18887
-312.95490
-280.76117
-242.18770
-197.96268
-148.94838
-96.123604
-40.563393
16.583834
74.120926
130.82811
185.48984
236.92188
283.99783
325.67474
361.01697
389.21771
409.61813
421.72284
425.21222
419.95059
405.99039
383.57217
353.12036
315.23477
270.67828
220.36073
165.31941
106.69676
45.715546
-16.347782
-78.190971
-138.51451
-196.05006
-249.58832
-298.00549
-340.28781
-375.55371
-403.07291
-422.28214
-432.79709
-434.42041
-427.14539
-411.15555
-386.81976
-354.68362
-315.45645
-269.99521
-219.28491
-164.41634
-106.56166
-46.948349
13.167990
72.531105
129.91144
184.13264
234.09659
278.80649
317.38751
349.10446
373.37613
389.78613
398.08994
398.21793
390.27475
374.53442
351.43222
321.55280
285.61520
244.45532
199.00577
150.27417
99.320114
47.231220
-4.9008207
-56.003902
-105.04830
-151.06805
-193.18047
-230.60345
-262.67020
-288.84094
-308.71173
-322.01999
-328.64661
-328.61520
-322.08780
-309.35788
-290.84052
-267.06015
-238.63634
-206.26770
-170.71458
-132.78099
-93.295929
-53.094959
-13.002047
26.187654
63.723824
98.915451
131.14348
159.87141
184.65369
205.14168
221.08739
232.34471
238.86836
240.71065
238.01620
231.01491
220.01312
205.38382
187.55556
167.00073
144.22353
119.74771
94.104645
67.821770
41.411797
15.362887
-9.8701115
-33.873096
-56.278809
-76.771454
-95.089905
-111.02941
-124.44196
-135.23524
-143.37059
-148.85965
-151.76033
-152.17198
-150.22997
-146.10002
-139.97229
-132.05548
-122.57111
-111.74808
-99.817688
-87.009117
-73.545601
-59.641140
-45.497986
-31.304735
-17.235092
-3.4472299
9.9163103
22.728254
34.875862
46.259922
56.793556
66.400955
75.016136
82.581764
89.048187
94.372696
98.519028
101.45724
103.16381
103.62214
102.82326
100.76680
97.462189
92.929886
87.202728
80.327171
72.364464
63.391579
53.501862
42.805321
31.428497
19.513861
7.2187176
-5.2864122
-17.819921
-30.191734
-42.206383
-53.666466
-64.376427
-74.146568
-82.797211
-90.162804
-96.096039
-100.47165
-103.18997
-104.17997
-103.40179
-100.84868
-96.548096
-90.562172
-82.987328
-73.953003
-63.619675
-52.176010
-39.835304
-26.831263
-13.413205
0.15919095
13.621493
26.710306
39.169136
50.754154
61.239738
70.423630
78.131561
84.221306
88.585922
91.156174
91.902130
90.833717
88.000397
83.489838
77.425690
69.964470
61.291691
51.617256
41.170319
30.193666
18.937832
7.6550450
-3.4068015
-14.010029
-23.932728
-32.973869
-40.957829
-47.738213
-53.200912
-57.266277
-59.890408
-61.065487
-60.819214
-59.213306
-56.341183
-52.324818
-47.310951
-41.466702
-34.974728
-28.028070
-20.824823
-13.562778
-6.4341784
0.37926969
6.7109914
12.413641
17.362587
21.458693
24.630360
26.834736
28.058134
28.315599
27.649700
26.128569
23.843252
20.904484
17.438948
13.585168
9.4891500
5.2998796
1.1648369
-2.7743707
-6.3861146
-9.5524902
-12.172587
-14.165216
-15.470994
-16.053770
-15.901328
-15.025392
-13.460900
-11.264627
-8.5131588
-5.3003278
-1.7341558
2.0665748
5.9760299
9.8651962
13.605806
17.074190
20.154959
22.744410
24.753527
26.110563
26.763052
26.679253
25.848984
24.283800
22.016556
19.100342
15.606838
11.624171
7.2542844
2.6099548
-2.1884761
-7.0165610
-11.749283
-16.264574
-20.446709
-24.189484
-27.399080
-29.996550
-31.919836
-33.125298
-33.588684
-33.305538
-32.291042
-30.579306
-28.222109
-25.287176
-21.856022
-18.021429
-13.884660
-9.5524597
-5.1339684
-0.73762047
3.5318816
7.5764160
11.307046
14.646297
17.530048
19.908993
21.749613
23.034679
23.763226
23.950060
23.624775
22.830351
21.621374
20.061916
18.223192
16.181015
14.013189
11.796872
9.6060228
7.5090055
5.5664201
3.8292303
2.3372471
1.1180099
0.18610105
-0.45708939
-0.82314098
-0.93593431
-0.83055776
-0.55182838
-0.15247343
0.30896631
0.77044415
1.1688509
1.4425144
1.5336752
1.3908547
0.97104132
0.24161871
-0.81802708
-2.2152784
-3.9434781
-5.9815779
-8.2942543
-10.832510
-13.534727
-16.328178
-19.130928
-21.854090
-24.404381
-26.686882
-28.607950
-30.078176
-31.015320
-31.347124
-31.013916
-29.970947
-28.190346
-25.662674
-22.397993
-18.426430
-13.798176
-8.5829611
-2.8689539
3.2388535
9.6207714
16.144983
22.670506
29.050472
35.135643
40.778088
45.834873
50.171780
53.666801
56.213482
57.723877
58.131145
57.391663
55.486572
52.422798
48.233425
42.977421
36.738792
29.625051
21.765167
13.306918
4.4138083
-4.7384424
-13.965732
-23.079638
-31.891623
-40.217266
-47.880447
-54.717346
-60.580181
-65.340622
-68.892723
-71.155411
-72.074348
-71.623238
-69.804474
-66.649124
-62.216278
-56.591789
-49.886356
-42.233105
-33.784630
-24.709652
-15.189305
-5.4131732
4.4248362
14.130681
23.514349
32.393890
40.599251
47.975765
54.387321
59.719032
63.879444
66.802162
68.446930
68.800102
67.874542
65.708908
62.366402
57.933014
52.515266
46.237587
39.239300
31.671391
23.693054
15.468148
7.1616349
-1.0639414
-9.0518198
-16.654192
-23.735083
-30.172909
-35.862648
-40.717583
-44.670593
-47.674995
-49.704884
-50.755039
-50.840336
-49.994789
-48.270149
-45.734203
-42.468750
-38.567341
-34.132851
-29.274923
-24.107361
-18.745516
-13.303755
-7.8930321
-2.6186423
2.4218121
7.1402063
11.459386
15.314357
18.653154
21.437372
23.642382
25.257215
26.284153
26.738037
26.645313
26.042881
24.976732
23.500467
21.673698
19.560394
17.227201
14.741796
12.171271
9.5806379
7.0314341
4.5804815
2.2788179
0.17080946
-1.7065400
-3.3240745
-4.6607685
-5.7038097
-6.4484878
-6.8979053
-7.0625191
-6.9595394
-6.6122007
-6.0489302
-5.3024349
-4.4087353
-3.4061620
-2.3343515
-1.2332480
-0.14214315
0.90123200
1.8615456
2.7066197
3.4080904
3.9419622
4.2890520
4.4353189
4.3720746
4.0960822
3.6095381
2.9199483
2.0398998
0.98674035
-0.21782917
-1.5482372
-2.9755902
-4.4682741
-5.9926019
-7.5134873
-8.9951468
-10.401801
-11.698384
-12.851233
-13.828750
-14.602048
-15.145536
-15.437462
-15.460389
-15.201614
-14.653506
-13.813757
-12.685560
-11.277686
-9.6044731
-7.6857119
-5.5464458
-3.2166619
-0.73089331
1.8722696
4.5507579
7.2596803
9.9520521
12.579587
15.093537
17.445572
19.588680
21.478079
23.072111
24.333122
25.228289
25.730389
25.818483
25.478527
24.703831
23.495443
21.862360
19.821602
17.398144
14.624679
11.541226
8.1945829
4.6376233
0.92846197
-2.8705182
-6.6937490
-10.473653
-14.141896
-17.630690
-20.874111
-23.809425
-26.378386
-28.528452
-30.213947
-31.397089
-32.048882
-32.149868
-31.690668
-30.672365
-29.106646
-27.015762
-24.432243
-21.398418
-17.965714
-14.193756
-10.149302
-5.9049926
-1.5379758
2.8715787
7.2420506
11.491983
15.541716
19.314985
22.740488
25.753330
28.296377
30.321432
31.790251
32.675343
32.960556
32.641430
31.725302
30.231163
28.189283
25.640581
22.635788
19.234390
15.503407
11.515996
7.3499403
3.0860453
-1.1935242
-5.4069276
-9.4743137
-13.319435
-16.871174
-20.064949
-22.843966
-25.160299
-26.975767
-28.262600
-29.003870
-29.193682
-28.837147
-27.950092
-26.558578
-24.698177
-22.413076
-19.755007
-16.782034
-13.557233
-10.147279
-6.6209998
-3.0479000
0.50328267
3.9659801
7.2771096
10.378284
13.216885
15.746982
17.930084
19.735701
21.141708
22.134537
22.709141
22.868805
22.624754
21.995615
21.006735
19.689358
18.079733
16.218124
14.147783
11.913898
9.5625505
7.1397038
4.6902385
2.2570717
-0.11963503
-2.4031572
-4.5607667
-6.5641618
-8.3897638
-10.018880
-11.437732
-12.637357
-13.613406
-14.365821
-14.898438
-15.218511
-15.336190
-15.263960
-15.016064
-14.607937
-14.055654
-13.375423
-12.583130
-11.693942
-10.721994
-9.6801577
-8.5798883
-7.4311628
-6.2425036
-5.0210781
-3.7728708
-2.5029163
-1.2155807
0.085121080
1.3951890
2.7102969
4.0254626
5.3347440
6.6309772
7.9055681
9.1483498
10.347511
11.489612
12.559673
13.541368
14.417277
15.169238
15.778758
16.227488
16.497746
16.573069
16.438791
16.082611
15.495144
14.670437
13.606435
12.305366
10.774047
9.0240879
7.0719876
4.9391065
2.6515203
0.23974690
-2.2616525
-4.8145885
-7.3780704
-9.9089336
-12.362648
-14.694201
-16.859020
-18.813927
-20.518105
-21.934029
-23.028372
-23.772846
-24.144939
-24.128578
-23.714636
-22.901321
-21.694410
-20.107323
-18.161022
-15.883767
-13.310681
-10.483184
-7.4482594
-4.2576027
-0.96664864
2.3664978
5.6821985
8.9204712
12.022200
14.930338
17.591084
19.954994
21.978025
23.622452
24.857672
25.660860
26.017467
25.921532
25.375828
24.391827
22.989460
21.196728
19.049118
16.588875
13.864127
10.927889
7.8369665
4.6507812
1.4301468
-1.7639800
-4.8717465
-7.8356194
-10.601545
-13.120027
-15.347101
-17.245188
-18.783798
-19.940083
-20.699223
-21.054630
-21.007990
-20.569111
-19.755613
-18.592443
-17.111256
-15.349635
-13.350224
-11.159738
-8.8279085
-6.4063826
-3.9475899
-1.5036073
0.87494767
3.1399789
5.2469039
7.1555543
8.8309669
10.244051
11.372119
12.199261
12.716581
12.922260
12.821476
12.426159
11.754617
10.831013
9.6847296
8.3496237
6.8631968
5.2656913
3.5991435
1.9064097
0.23018385
-1.3879659
-2.9085245
-4.2948999
-5.5142193
-6.5380321
-7.3429093
-7.9109254
-8.2300129
-8.2941856
-8.1036234
-7.6646256
-6.9894238
-6.0958724
-5.0070128
-3.7505293
-2.3581080
-0.86470920
0.69222677
2.2736235
3.8396463
5.3505936
6.7677817
8.0544100
9.1763811
10.103065
10.807989
11.269440
11.470965
11.401769
11.056981
10.437812
9.5515747
8.4115858
7.0369329
5.4521289
3.6866496
1.7743644
-0.24712314
-2.3372192
-4.4531493
-6.5508189
-8.5857086
-10.513784
-12.292412
-13.881246
-15.243086
-16.344679
-17.157452
-17.658159
-17.829426
-17.660196
-17.146049
-16.289389
-15.099502
-13.592488
-11.791046
-9.7241268
-7.4264612
-4.9379697
-2.3030527
0.43021187
3.2109573
5.9864864
8.7032824
11.308046
13.748757
15.975713
17.942553
19.607224
20.932882
21.888702
22.450588
22.601761
22.333200
21.643961
20.541311
19.040731
17.165728
14.947502
12.424452
9.6415157
6.6493835
3.5035729
0.26339495
-3.0091767
-6.2507071
-9.3975515
-12.387135
-15.159225
-17.657187
-19.829182
-21.629278
-23.018484
-23.965620
-24.448080
-24.452398
-23.974661
-23.020708
-21.606148
-19.756159
-17.505104
-14.895928
-11.979382
-8.8130636
-5.4603066
-1.9889256
1.5301496
5.0243225
8.4208374
11.648312
14.638262
17.326582
19.654966
21.572201
23.035349
24.010759
24.474886
24.414913
23.829144
22.727165
21.129763
19.068590
16.585611
13.732290
10.568583
7.1617188
3.5848129
-0.084668413
-3.7665563
-7.3797078
-10.843776
-14.080985
-17.017868
-19.586931
-21.728203
-23.390638
-24.533340
-25.126572
-25.152525
-24.605841
-23.493855
-21.836569
-19.666328
-17.027231
-13.974266
-10.572193
-6.8942041
-3.0203722
0.96406734
4.9705667
8.9092112
12.690712
16.228409
19.440237
22.250593
24.592104
26.407200
27.649498
28.284954
28.292725
27.665771
26.411135
24.549915
22.116926
19.160046
15.739256
11.925421
7.7987986
3.4473350
-1.0352314
-5.5514059
-10.002077
-14.288703
-18.315512
-21.991646
-25.233212
-27.965204
-30.123219
-31.654966
-32.521503
-32.698196
-32.175339
-30.958492
-29.068420
-26.540751
-23.425255
-19.784845
-15.694246
-11.238416
-6.5107255
-1.6109477
3.3569083
8.2868624
13.073282
17.613197
21.808569
25.568449
28.810995
31.465286
33.472893
34.789196
35.384365
35.244064
34.369762
32.778725
30.503656
27.592003
24.104904
20.115883
15.709229
10.978168
6.0228243
0.94803768
-4.1389222
-9.1306906
-13.922140
-18.412657
-22.508322
-26.123919
-29.184774
-31.628332
-33.405472
-34.481533
-34.836990
-34.467834
-33.385574
-31.616917
-29.203112
-26.198984
-22.671667
-18.699072
-14.368143
-9.7729111
-5.0124111
-0.18850203
4.5963583
9.2413359
13.649395
17.729364
21.397867
24.581066
27.216166
29.252689
30.653454
31.395248
31.469210
30.880863
29.649874
27.809462
25.405552
22.495636
19.147409
15.437190
11.448172
7.2685390
2.9895117
-1.2966710
-5.4987540
-9.5284262
-13.302191
-16.743105
-19.782362
-22.360659
-24.429354
-25.951372
-26.901838
-27.268442
-27.051529
-26.263905
-24.930376
-23.087044
-20.780352
-18.065931
-15.007264
-11.674204
-8.1413670
-4.4864659
-0.78859067
2.8735032
6.4230719
9.7869892
12.897241
15.692287
18.118261
20.129971
21.691710
22.777840
23.373146
23.472967
23.083097
22.219461
20.907585
19.181875
17.084713
14.665421
11.979076
9.0852575
6.0466995
2.9279280
-0.20611772
-3.2914386
-6.2662773
-9.0723419
-11.655928
-13.968916
-15.969628
-17.623533
-18.903778
-19.791557
-20.276293
-20.355654
-20.035404
-19.329079
-18.257523
-16.848291
-15.134927
-13.156142
-10.954926
-8.5775795
-6.0727258
-3.4903040
-0.88056111
1.7069203
4.2241564
6.6256309
8.8690882
10.916234
12.733341
14.291739
15.568195
16.545177
17.211000
17.559855
17.591734
17.312243
16.732330
15.867913
14.739447
13.371417
11.791788
10.031414
8.1234179
6.1025648
4.0046306
1.8657804
-0.27803034
-2.3916283
-4.4411550
-6.3945575
-8.2220268
-9.8963861
-11.393419
-12.692145
-13.775027
-14.628133
-15.241232
-15.607837
-15.725201
-15.594258
-15.219524
-14.608957
-13.773774
-12.728243
-11.489439
-10.076983
-8.5127497
-6.8205590
-5.0258584
-3.1553855
-1.2368253
0.70154268
2.6311994
4.5237441
6.3512526
8.0866308
9.7039642
11.178856
12.488757
13.613278
14.534484
15.237164
15.709083
15.941188
15.927798
15.666743
15.159463
14.411067
13.430338
12.229684
10.825045
9.2357302
7.4842167
5.5958757
3.5986581
1.5227201
-0.59999448
-2.7362170
-4.8518538
-6.9125161
-8.8840733
-10.733220
-12.428044
-13.938599
-15.237443
-16.300173
-17.105898
-17.637691
-17.882952
-17.833736
-17.486988
-16.844694
-15.913958
-14.706979
-13.240937
-11.537783
-9.6239376
-7.5299020
-5.2897816
-2.9407356
-0.52235430
1.9240171
4.3560042
6.7309608
9.0067453
11.142501
13.099426
14.841518
16.336273
17.555336
18.475077
19.077080
19.348553
19.282621
18.878527
18.141691
17.083679
15.722035
14.080010
12.186164
10.073872
7.7807279
5.3478665
2.8192053
0.24063009
-2.3408628
-4.8780537
-7.3243957
-9.6349039
-11.767017
-13.681422
-15.342813
-16.720579
-17.789408
-18.529778
-18.928349
-18.978237
-18.679152
-18.037411
-17.065838
-15.783516
-14.215427
-12.391980
-10.348427
-8.1241827
-5.7620697
-3.3074918
-0.80755842
1.6898264
4.1368880
6.4869037
8.6951065
10.719548
12.521910
14.068239
15.329606
16.282658
16.910072
17.200880
17.150684
16.761734
16.042883
15.009410
13.682729
12.089967
10.263443
8.2400379
6.0604873
3.7685883
1.4103569
-0.96686280
-3.3153143
-5.5877538
-7.7383666
-9.7236586
-11.503303
-13.040931
-14.304852
-15.268679
-15.911863
-16.220118
-16.185722
-15.807708
-15.091911
-14.050906
-12.703804
-11.075927
-9.1983709
-7.1074457
-4.8440194
-2.4527712
0.018635750
2.5204444
5.0017419
7.4114294
9.6992044
11.816542
13.717651
15.360395
16.707151
17.725605
18.389439
18.678942
18.581488
18.091894
17.212637
15.953946
14.333730
12.377376
10.117393
7.5929179
4.8490853
1.9362743
-1.0907648
-4.1738787
-7.2525687
-10.265112
-13.149735
-15.845807
-18.295048
-20.442707
-22.238710
-23.638746
-24.605249
-25.108303
-25.126396
-24.647038
-23.667229
-22.193735
-20.243198
-17.842047
-15.026220
-11.840689
-8.3387966
-4.5814176
-0.63594145
3.4248939
7.5243049
11.582880
15.520085
19.255829
22.712061
25.814371
28.493553
30.687115
32.340675
33.409252
33.858379
33.665051
32.818459
31.320488
29.185986
26.442764
23.131342
19.304426
15.026130
10.370936
5.4224339
0.27182993
-4.9837251
-10.242971
-15.402504
-20.358822
-25.010427
-29.259930
-33.016113
-36.195919
-38.726303
-40.545925
-41.606632
-41.874706
-41.331810
-39.975681
-37.820450
-34.896667
-31.250952
-26.945339
-22.056250
-16.673172
-10.897024
-4.8382592
1.3852655
7.6506166
13.832255
19.804605
25.444672
30.634628
35.264362
39.233879
42.455532
44.856026
46.378147
46.982182
46.646957
45.370537
43.170498
40.083778
36.166157
31.491266
26.149242
20.245010
13.896214
7.2308531
0.38467228
-6.5016413
-13.285404
-19.824959
-25.982693
-31.628017
-36.640217
-40.911102
-44.347435
-46.873039
-48.430569
-48.982864
-48.513908
-47.029308
-44.556324
-41.143417
-36.859333
-31.791758
-26.045509
-19.740389
-13.008656
-5.9922385
1.1602947
8.2969246
15.265459
21.916836
28.108366
33.706860
38.591560
42.656792
45.814320
47.995312
49.151897
49.258244
48.311176
46.330288
43.357552
39.456436
34.710533
29.221777
23.108204
16.501398
9.5436153
2.3846664
-4.8213549
-11.919448
-18.757097
-25.187605
-31.073305
-36.288551
-40.722462
-44.281311
-46.890541
-48.496365
-49.066872
-48.592670
-47.087025
-44.585468
-41.144970
-36.842575
-31.773636
-26.049652
-19.795734
-13.147800
-6.2495418
0.75077349
7.7035708
14.461253
20.881416
26.829931
32.183819
36.833843
40.686813
43.667458
45.719933
46.808865
46.919914
46.059895
44.256397
41.556980
38.027885
33.752392
28.828787
23.368042
17.491207
11.326653
5.0071487
-1.3330921
-7.5613732
-13.549393
-19.175982
-24.329643
-28.910837
-32.833950
-36.028942
-38.442589
-40.039360
-40.801842
-40.730801
-39.844776
-38.179333
-35.785919
-32.730396
-29.091269
-24.957685
-20.427223
-15.603533
-10.593916
-5.5068598
-0.44961041
4.4741664
9.1665859
13.537554
17.506554
21.004156
23.973246
26.369919
28.164064
29.339602
29.894390
29.839823
29.200108
28.011293
26.320028
24.182129
21.660973
18.825769
15.749757
12.508365
9.1773863
5.8312192
2.5411916
-0.62596291
-3.6094687
-6.3556714
-8.8189831
-10.962592
-12.758926
-14.189879
-15.246776
-15.930122
-16.249126
-16.221024
-15.870231
-15.227355
-14.328089
-13.212029
-11.921444
-10.500037
-8.9917269
-7.4394855
-5.8842545
-4.3639746
-2.9127431
-1.5601215
-0.33060136
0.75675827
1.6885222
2.4569004
3.0596042
3.4995522
3.7844357
3.9261663
3.9402227
3.8449247
3.6606553
3.4090552
3.1122205
2.7919214
2.4688683
2.1620452
1.8881307
1.6610152
1.4914345
1.3867209
1.3506787
1.3835840
1.4823041
1.6405305
1.8491147
2.0964918
2.3691790
2.6523287
2.9303174
3.1873519
3.4080729
3.5781336
3.6847382
3.7171228
3.6669619
3.5286906
3.2997322
2.9806240
2.5750391
2.0897055
1.5342207
0.92077607
0.26379269
-0.42051429
-1.1146320
-1.8002892
-2.4590228
-3.0727541
-3.6243553
-4.0981913
-4.4806156
-4.7604151
-4.9291730
-4.9815583
-4.9155188
-4.7323771
-4.4368267
-4.0368252
-3.5433910
-2.9703093
-2.3337488
-1.6518116
-0.94401866
-0.23075266
0.46732888
1.1298927
1.7375231
2.2722933
2.7182970
3.0621257
3.2932780
3.4044878
3.3919630
3.2555261
2.9986537
2.6284125
2.1552944
1.5929507
0.95783985
0.26879004
-0.45350564
-1.1870508
-1.9091480
-2.5970252
-3.2284698
-3.7824521
-4.2397218
-4.5833616
-4.7992826
-4.8766456
-4.8082008
-4.5905333
-4.2242088
-3.7138140
-3.0678937
-2.2987795
-1.4223224
-0.45752814
0.57388955
1.6480297
2.7393844
3.8214641
4.8674512
5.8508673
6.7462335
7.5297112
8.1797037
8.6774063
9.0072889
9.1574965
9.1201687
8.8916578
8.4726419
7.8681402
7.0874233
6.1438165
5.0544124
3.8396904
2.5230608
1.1303366
-0.31084615
-1.7716502
-3.2226837
-4.6346555
-5.9790273
-7.2286401
-8.3583088
-9.3453627
-10.170130
-10.816341
-11.271463
-11.526932
-11.578301
-11.425300
-11.071786
-10.525618
-9.7984304
-8.9053411
-7.8645720
-6.6970205
-5.4257731
-4.0755806
-2.6723115
-1.2423890
0.18777160
1.5923095
2.9464417
4.2269497
5.4126182
6.4846187
7.4268303
8.2260923
8.8723869
9.3589420
9.6822672
9.8421125
9.8413601
9.6858501
9.3841496
8.9472694
8.3883438
7.7222614
6.9652944
6.1346931
5.2482862
4.3240838
3.3798923
2.4329517
1.4996033
0.59499085
-0.26719576
-1.0749327
-1.8180263
-2.4882276
-3.0792968
-3.5870202
-4.0091772
-4.3454657
-4.5973883
-4.7680969
-4.8622160
-4.8856339
-4.8452802
-4.7488871
-4.6047487
-4.4214783
-4.2077694
-3.9721718
-3.7228806
-3.4675457
-3.2131052
-2.9656448
-2.7302856
-2.5111012
-2.3110662
-2.1320319
-1.9747359
-1.8388351
-1.7229668
-1.6248336
-1.5413078
-1.4685550
-1.4021707
-1.3373290
-1.2689383
-1.1918006
-1.1007721
-0.99092066
-0.85767740
-0.69697964
-0.50540257
-0.28027692
-0.019790966
0.27692521
0.60973424
0.97744668
1.3777968
1.8074403
2.2619736
2.7359753
3.2230682
3.7160032
4.2067618
4.6866784
5.1465778
5.5769315
5.9680214
6.3101225
6.5936861
6.8095345
6.9490542
7.0043931
6.9686484
6.8360510
6.6021390
6.2639146
5.8199830
5.2706714
4.6181231
3.8663607
3.0213211
2.0908570
1.0847031
0.014404847
-1.1067885
-2.2640688
-3.4412506
-4.6209869
-5.7850194
-6.9144573
-7.9900818
-8.9926739
-9.9033566
-10.703948
-11.377318
-11.907744
-12.281253
-12.485946
-12.512304
-12.353456
-12.005405
-11.467223
-10.741176
-9.8328094
-8.7509651
-7.5077415
-6.1183820
-4.6011095
-2.9768903
-1.2691399
0.49662748
2.2932017
4.0921240
5.8641729
7.5798755
9.2100430
10.726311
12.101677
13.311030
14.331653
15.143683
15.730545
16.079309
16.180996
16.030813
15.628304
14.977426
14.086529
12.968270
11.639421
10.120603
8.4359436
6.6126575
4.6805658
2.6715572
0.61900568
-1.4428444
-3.4795156
-5.4569411
-7.3421044
-9.1036577
-10.712510
-12.142373
-13.370247
-14.376844
-15.146938
-15.669626
-15.938511
-15.951786
-15.712235
-15.227131
-14.508049
-13.570602
-12.434088
-11.121067
-9.6568871
-8.0691490
-6.3871412
-4.6412416
-2.8623166
-1.0811112
0.67233968
2.3692768
3.9827433
5.4880614
6.8632522
8.0893860
9.1508627
10.035614
10.735223
11.244966
11.563772
11.694111
11.641801
11.415756
11.027678
10.491694
9.8239594
9.0422268
8.1654053
7.2131109
6.2052150
5.1614203
4.1008506
3.0416827
2.0008147
0.99358553
0.033546474
-0.86771011
-1.7006642
-2.4579227
-3.1342163
-3.7263424
-4.2330589
-4.6549292
-4.9941359
-5.2542558
-5.4400182
-5.5570469
-5.6115928
-5.6102738
-5.5598226
-5.4668503
-5.3376379
-5.1779547
-4.9929113
-4.7868533
-4.5632882
-4.3248610
-4.0733619
-3.8097765
-3.5343685
-3.2467933
-2.9462368
-2.6315751
-2.3015432
-1.9549149
-1.5906780
-1.2082038
-0.80740190
-0.38885418
0.046075813
0.49516422
0.95528173
1.4223843
1.8915405
2.3569973
2.8122792
3.2503231
3.6636412
4.0445089
4.3851738
4.6780748
4.9160714
5.0926681
5.2022362
5.2402148
5.2032962
5.0895762
4.8986783
4.6318355
4.2919302
3.8834918
3.4126492
2.8870370
2.3156586
1.7087086
1.0773592
0.43351331
-0.21046667
-0.84204882
-1.4488330
-2.0188551
-2.5408852
-3.0047138
-3.4014149
-3.7235808
-3.9655216
-4.1234212
-4.1954494
-4.1818199
-4.0848007
-3.9086657
-3.6595960
-3.3455310
-2.9759698
-2.5617304
-2.1146724
-1.6473882
-1.1728743
-0.70418650
-0.25409248
0.16527183
0.54273194
0.86838120
1.1338565
1.3325742
1.4599214
1.5133948
1.4926850
1.3997017
1.2385398
1.0153856
0.73836577
0.41734126
0.063653275
-0.31017554
-0.69077498
-1.0642889
-1.4167552
-1.7344942
-2.0044961
-2.2147954
-2.3548262
-2.4157441
-2.3907094
-2.2751224
-2.0668051
-1.7661214
-1.3760363
-0.90210593
-0.35240409
0.26261950
0.93034244
1.6362324
2.3641629
3.0967753
3.8158777
4.5028729
5.1392064
5.7068167
6.1885900
6.5687947
6.8334928
6.9709191
6.9718127
6.8296962
6.5410986
6.1057076
5.5264564
4.8095331
3.9643219
3.0032661
1.9416640
0.79739565
-0.40940955
-1.6567608
-2.9212394
-4.1784682
-5.4036107
-6.5718799
-7.6590600
-8.6420135
-9.4991789
-10.211031
-10.760513
-11.133412
-11.318686
-11.308721
-11.099528
-10.690865
-10.086272
-9.2930574
-8.3221760
-7.1880603
-5.9083691
-4.5036736
-2.9970901
-1.4138572
0.21912664
1.8737974
3.5214436
5.1332364
6.6807604
8.1365395
9.4745388
10.670648
11.703114
12.552942
13.204242
13.644505
13.864835
13.860105
13.629040
13.174241
12.502135
11.622853
10.550055
9.3006802
7.8946543
6.3545403
4.7051487
2.9731097
1.1864218
-0.62602359
-2.4349256
-4.2110624
-5.9257731
-7.5514278
-9.0618744
-10.432862
-11.642425
-12.671226
-13.502865
-14.124122
-14.525159
-14.699664
-14.644935
-14.361907
-13.855129
-13.132671
-12.205990
-11.089736
-9.8015118
-8.3615894
-6.7925868
-5.1191068
-3.3673527
-1.5647144
0.26065728
2.0802891
3.8658278
5.5894785
7.2244358
8.7452993
10.128464
11.352489
12.398434
13.250142
13.894509
14.321677
14.525201
14.502145
14.253140
13.782381
13.097558
12.209751
11.133261
9.8853817
8.4861450
6.9579964
5.3254504
3.6146963
1.8531847
0.069186769
-1.7086631
-3.4518311
-5.1323504
-6.7232814
-8.1991558
-9.5364027
-10.713743
-11.712547
-12.517154
-13.115137
-13.497523
-13.658944
-13.597740
-13.315987
-12.819468
-12.117577
-11.223160
-10.152297
-8.9240170
-7.5599766
-6.0840721
-4.5220251
-2.9009271
-1.2487588
0.40610403
2.0353968
3.6114693
5.1077771
6.4993548
7.7632613
8.8789835
9.8287973
10.598083
11.175564
11.553508
11.727839
11.698194
11.467899
11.043889
10.436543
9.6594648
8.7292061
7.6649222
6.4879880
5.2215743
3.8901856
2.5191817
1.1342821
-0.23893091
-1.5755039
-2.8515856
-4.0448756
-5.1350374
-6.1040668
-6.9366145
-7.6202464
-8.1456451
-8.5067472
-8.7008133
-8.7284250
-8.5934191
-8.3027582
-7.8663306
-7.2966986
-6.6087966
-5.8195806
-4.9476404
-4.0127883
-3.0356226
-2.0370862
-1.0380217
-0.058736715
0.88141119
1.7644044
2.5739188
3.2956352
3.9175034
4.4299502
4.8260326
5.1015306
5.2549777
5.2876306
5.2033820
5.0086145
4.7120013
4.3242626
3.8578763
3.3267603
2.7459219
2.1310930
1.4983537
0.86375493
0.24294707
-0.34917435
-0.89880127
-1.3935148
-1.8225498
-2.1770189
-2.4500868
-2.6370976
-2.7356477
-2.7456059
-2.6690814
-2.5103374
-2.2756584
-1.9731705
-1.6126206
-1.2051207
-0.76286274
-0.29881096
0.17362057
0.64089841
1.0896999
1.5072360
1.8815588
2.2018480
2.4586692
2.6441970
2.7524021
2.7791932
2.7225153
2.5824003
2.3609674
2.0623786
1.6927443
1.2599868
0.77366102
0.24473903
-0.31463811
-0.89143467
-1.4720154
-2.0424535
-2.5888476
-3.0976360
-3.5559070
-3.9516938
-4.2742496
-4.5142984
-4.6642537
-4.7183986
-4.6730328
-4.5265689
-4.2795911
-3.9348614
-3.4972842
-2.9738235
-2.3733759
-1.7066031
-0.98572648
-0.22428793
0.56311792
1.3611348
2.1539531
2.9256287
3.6604078
4.3430481
4.9591327
5.4953671
5.9398584
6.2823668
6.5145221
6.6300101
6.6247149
6.4968204
6.2468643
5.8777518
5.3947153
4.8052330
4.1189051
3.3472803
2.5036516
1.6028129
0.66078520
-0.30548072
-1.2784220
-2.2401953
-3.1730137
-4.0594869
-4.8829532
-5.6277986
-6.2797618
-6.8262086
-7.2563806
-7.5616083
-7.7354851
-7.7739983
-7.6756172
-7.4413323
-7.0746474
-6.5815244
-5.9702811
-5.2514429
-4.4375558
-3.5429537
-2.5835001
-1.5762918
-0.53934324
0.50874823
1.5491494
2.5631430
3.5324786
4.4397135
5.2685418
6.0040979
6.6332378
7.1447845
7.5297351
7.7814322
7.8956842
7.8708410
7.7078228
7.4100976
6.9836092
6.4366617
5.7797546
5.0253773
4.1877689
3.2826405
2.3268707
1.3381828
0.33480263
-0.66488987
-1.6427115
-2.5810213
-3.4630537
-4.2732339
-4.9974666
-5.6233978
-6.1406369
-6.5409422
-6.8183618
-6.9693284
-6.9927077
-6.8897972
-6.6642780
-6.3221197
-5.8714399
-5.3223243
-4.6866059
-3.9776165
-3.2099047
-2.3989379
-1.5607860
-0.71179622
0.13173246
0.95387161
1.7393738
2.4739656
3.1446180
3.7397871
4.2496223
4.6661372
4.9833407
5.1973248
5.3063078
5.3106356
5.2127376
5.0170417
4.7298460
4.3591609
3.9145098
3.4067085
2.8476169
2.2498775
1.6266370
0.99126619
0.35707849
-0.26294547
-0.85642105
-1.4118056
-1.9186221
-2.3676567
-2.7511251
-3.0628068
-3.2981429
-3.4542968
-3.5301781
-3.5264277
-3.4453690
-3.2909205
-3.0684800
-2.7847774
-2.4477029
-2.0661147
-1.6496285
-1.2083961
-0.75287759
-0.29361066
0.15901633
0.59498340
1.0048460
1.3799249
1.7124768
1.9958403
2.2245569
2.3944640
2.5027575
2.5480258
2.5302532
2.4507935
2.3123164
2.1187267
1.8750592
1.5873543
1.2625122
0.90813529
0.53235763
0.14366753
-0.24927329
-0.63781047
-1.0134740
-1.3681477
-1.6942289
-1.9847728
-2.2336237
-2.4355259
-2.5862145
-2.6824880
-2.7222552
-2.7045629
-2.6295996
-2.4986782
-2.3141980
-2.0795870
-1.7992262
-1.4783579
-1.1229804
-0.73972970
-0.33575374
0.081422202
0.50403345
0.92421603
1.3341466
1.7261797
2.0929794
2.4276452
2.7238276
2.9758351
3.1787281
3.3283999
3.4216437
3.4562056
3.4308217
3.3452382
3.2002192
2.9975348
2.7399373
2.4311204
2.0756648
1.6789701
1.2471751
0.78706539
0.30597177
-0.18834127
-0.68779355
-1.1841137
-1.6689683
-2.1340926
-2.5714235
-2.9732301
-3.3322434
-3.6417794
-3.8958564
-4.0893044
-4.2178640
-4.2782736
-4.2683406
-4.1870017
-4.0343647
-3.8117292
-3.5215957
-3.1676486
-2.7547228
-2.2887509
-1.7766865
-1.2264140
-0.64663452
-0.046738185
0.56334066
1.1732817
1.7725484
2.3505661
2.8969073
3.4014776
3.8547039
4.2477169
4.5725265
4.8221879
4.9909511
5.0743947
5.0695386
4.9749322
4.7907190
4.5186701
4.1621928
3.7263031
3.2175710
2.6440341
2.0150814
1.3413066
0.63433737
-0.093361720
-0.82870603
-1.5582252
-2.2683103
-2.9454706
-3.5765917
-4.1491952
-4.6516891
-5.0736084
-5.4058375
-5.6408124
-5.7726941
-5.7975159
-5.7132907
-5.5200891
-5.2200718
-4.8174825
-4.3186045
-3.7316689
-3.0667274
-2.3354852
-1.5510978
-0.72793645
0.11867549
0.97274852
1.8179313
2.6378264
3.4163125
4.1378646
4.7878680
5.3529181
5.8211002
6.1822424
6.4281383
6.5527320
6.5522637
6.4253693
6.1731343
5.7990985
5.3092141
4.7117515
4.0171599
3.2378824
2.3881299
1.4836171
0.54126525
-0.42111948
-1.3851904
-2.3324165
-3.2444465
-4.1034698
-4.8925719
-5.5960722
-6.1998396
-6.6915798
-7.0610876
-7.3004580
-7.4042521
-7.3696179
-7.1963573
-6.8869390
-6.4464641
-5.8825736
-5.2053094
-4.4269242
-3.5616488
-2.6254206
-1.6355757
-0.61051458
0.43065345
1.4684815
2.4835615
3.4569004
4.3702884
5.2066503
5.9503756
6.5876174
7.1065593
7.4976368
7.7537184
7.8702364
7.8452682
7.6795616
7.3765140
6.9420934
6.3847141
5.7150621
4.9458785
4.0917029
3.1685851
2.1937656
1.1853392
0.16189994
-0.85781741
-1.8552982
-2.8126001
-3.7126932
-4.5397758
-5.2795677
-5.9195671
-6.4492722
-6.8603621
-7.1468301
-7.3050747
-7.3339381
-7.2346988
-7.0110178
-6.6688337
-6.2162204
-5.6632004
-5.0215249
-4.3044195
-3.5263088
-2.7025166
-1.8489554
-0.98180836
-0.11720946
0.72906953
1.5419208
2.3071840
3.0119061
3.6445746
4.1953158
4.6560583
5.0206585
5.2849832
5.4469504
5.5065308
5.4657044
5.3283768
5.1002603
4.7887197
4.4025841
3.9519341
3.4478679
2.9022489
2.3274412
1.7360426
1.1406137
0.55341572
-0.013842799
-0.55024141
-1.0458635
-1.4919860
-1.8812407
-2.2077432
-2.4671876
-2.6569064
-2.7758908
-2.8247788
-2.8058026
-2.7227051
-2.5806220
-2.3859353
-2.1461024
-1.8694600
-1.5650136
-1.2422140
-0.91072464
-0.58018893
-0.25999886
0.040928014
0.31435835
0.55293554
0.75035048
0.90148693
1.0025381
1.0510923
1.0461855
0.98831999
0.87944841
0.72292364
0.52341634
0.28680068
0.020012347
-0.26911953
-0.57206130
-0.87978160
-1.1829705
-1.4722667
-1.7384872
-1.9728553
-2.1672194
-2.3142605
-2.4076822
-2.4423788
-2.4145765
-2.3219476
-2.1636918
-1.9405828
-1.6549804
-1.3108071
-0.91348815
-0.46985668
0.011973392
0.52276540
1.0523453
1.5898110
2.1237597
2.6425319
3.1344616
3.5881336
3.9926367
4.3378110
4.6144829
4.8146796
4.9318252
4.9609065
4.8986077
4.7434130
4.4956708
4.1576195
3.7333739
3.2288725
2.6517851
2.0113840
1.3183777
0.58471698
-0.17663088
-0.95192957
-1.7269400
-2.4872005
-3.2183130
-3.9062324
-4.5375500
-5.0997682
-5.5815558
-5.9729872
-6.2657490
-6.4533195
-6.5311122
-6.4965801
-6.3492823
-6.0909057
-5.7252464
-5.2581468
-4.6973948
-4.0525794
-3.3349133
-2.5570221
-1.7327036
-0.87666410
-0.0042370092
0.86891264
1.7270893
2.5548692
3.3373971
4.0606718
4.7118130
5.2793093
5.7532334
6.1254306
6.3896675
6.5417471
6.5795794
6.5032105
6.3148141
6.0186357
5.6208987
5.1296740
4.5547113
3.9072404
3.1997442
2.4457097
1.6593596
0.85537440
0.048605151
-0.74621254
-1.5147403
-2.2433083
-2.9191706
-3.5307388
-4.0677929
-4.5216589
-4.8853598
-5.1537251
-5.3234687
-5.3932276
-5.3635583
-5.2369037
-5.0175147
-4.7113447
-4.3259072
-3.8701062
-3.3540428
-2.7888000
-2.1862113
-1.5586183
-0.91862118
-0.27882880
0.34838834
0.95113671
1.5182250
2.0393727
2.5053968
2.9083750
3.2417810
3.5005898
3.6813533
3.7822418
3.8030543
3.7451968
3.6116271
3.4067731
3.1364200
2.8075747
2.4283078
2.0075748
1.5550253
1.0807998
0.59531868
0.10906979
-0.36760256
-0.82470393
-1.2527858
-1.6431292
-1.9879106
-2.2803497
-2.5148346
-2.6870210
-2.7939084
-2.8338864
-2.8067548
-2.7137151
-2.5573349
-2.3414857
-2.0712554
-1.7528371
-1.3933989
-1.0009332
-0.58409196
-0.15200995
0.28588101
0.72004229
1.1410202
1.5396355
1.9071666
2.2355235
2.5174093
2.7464652
2.9173982
3.0260866
3.0696640
3.0465782
2.9566243
2.8009524
2.5820496
2.3036940
1.9708859
1.5897536
1.1674391
0.71196151
0.23206532
-0.26294723
-0.76339424
-1.2594007
-1.7410893
-2.1987715
-2.6231372
-3.0054362
-3.3376508
-3.6126549
-3.8243575
-3.9678242
-4.0393820
-4.0366940
-3.9588170
-3.8062241
-3.5808063
-3.2858450
-2.9259586
-2.5070207
-2.0360582
-1.5211233
-0.97114748
-0.39577773
0.19480182
0.79005867
1.3793081
1.9519128
2.4974813
3.0060642
3.4683394
3.8757880
4.2208543
4.4970875
4.6992617
4.8234763
4.8672237
4.8294401
4.7105193
4.5123067
4.2380605
3.8923900
3.4811642
3.0114017
2.4911354
1.9292619
1.3353733
0.71957749
0.092311166
-0.53585351
-1.1544018
-1.7530668
-2.3220131
-2.8520103
-3.3345928
-3.7622030
-4.1283159
-4.4275417
-4.6557055
-4.8099031
-4.8885317
-4.8912954
-4.8191853
-4.6744370
-4.4604650
-4.1817751
-3.8438606
-3.4530807
-3.0165255
-2.5418737
-2.0372393
-1.5110176
-0.97172934
-0.42786840
0.11224539
0.64060473
1.1496422
1.6323445
2.0823507
2.4940360
2.8625758
3.1839924
3.4551840
3.6739352
3.8389096
3.9496276
4.0064282
4.0104170
3.9634047
3.8678348
3.7267051
3.5434837
3.3220232
3.0664730
2.7811956
2.4706843
2.1394866
1.7921349
1.4330844
1.0666591
0.69700772
0.32806784
-0.036459967
-0.39312962
-0.73875898
-1.0704321
-1.3854951
-1.6815474
-1.9564290
-2.2082062
-2.4351552
-2.6357472
-2.8086345
-2.9526393
-3.0667462
-3.1500986
-3.2019999
-3.2219188
-3.2095010
-3.1645832
-3.0872116
-2.9776647
-2.8364761
-2.6644590
-2.4627306
-2.2327342
-1.9762579
-1.6954489
-1.3928220
-1.0712609
-0.73401117
-0.38466439
-0.027132627
0.33438683
0.69545656
1.0514538
1.3976340
1.7292024
2.0413921
2.3295481
2.5892134
2.8162186
3.0067692
3.1575303
3.2657077
3.3291211
3.3462660
3.3163679
3.2394207
3.1162117
2.9483302
2.7381608
2.4888577
2.2043030
1.8890489
1.5482428
1.1875384
0.81299359
0.43095732
0.047947552
-0.32947657
-0.69484615
-1.0419145
-1.3647858
-1.6580393
-1.9168435
-2.1370599
-2.3153322
-2.4491596
-2.5369520
-2.5780644
-2.5728116
-2.5224609
-2.4292042
-2.2961066
-2.1270385
-1.9265859
-1.6999453
-1.4528044
-1.1912104
-0.92142951
-0.64980239
-0.38259590
-0.12585729
0.11472678
0.33396301
0.52727234
0.69079667
0.82148772
0.91717738
0.97662610
0.99954903
0.98661923
0.93944734
0.86053807
0.75322533
0.62158614
0.47033665
0.30471191
0.13033247
-0.046938900
-0.22114697
-0.38639668
-0.53700495
-0.66764796
-0.77350032
-0.85036254
-0.89477384
-0.90410781
-0.87664771
-0.81163996
-0.70932519
-0.57094425
-0.39872065
-0.19581892
0.033720247
0.28506628
0.55270463
0.83056009
1.1121341
1.3906531
1.6592255
1.9110008
2.1393318
2.3379297
2.5010157
2.6234596
2.7009058
2.7298815
2.7078872
2.6334631
2.5062373
2.3269439
2.0974231
1.8205918
1.5003936
1.1417254
0.75034308
0.33274874
-0.10393812
-0.55212283
-1.0038877
-1.4511504
-1.8858266
-2.2999907
-2.6860342
-3.0368161
-3.3458033
-3.6071963
-3.8160424
-3.9683278
-4.0610499
-4.0922728
-4.0611544
-3.9679575
-3.8140354
-3.6017966
-3.3346508
-3.0169334
-2.6538172
-2.2512047
-1.8156118
-1.3540407
-0.87384522
-0.38259390
0.11206895
0.60256028
1.0814906
1.5417889
1.9768193
2.3804846
2.7473183
3.0725620
3.3522255
3.5831332
3.7629528
3.8902068
3.9642694
3.9853475
3.9544470
3.8733275
3.7444427
3.5708740
3.3562541
3.1046844
2.8206494
2.5089262
2.1744962
1.8224556
1.4579303
1.0859936
0.71159071
0.33946911
-0.025883157
-0.38029087
-0.71993655
-1.0413963
-1.3416663
-1.6181810
-1.8688215
-2.0919178
-2.2862403
-2.4509883
-2.5857697
-2.6905756
-2.7657516
-2.8119657
-2.8301728
-2.8215773
-2.7875969
-2.7298234
-2.6499858
-2.5499160
-2.4315126
-2.2967103
-2.1474504
-1.9856552
-1.8132036
-1.6319124
-1.4435194
-1.2496704
-1.0519092
-0.85167098
-0.65027899
-0.44894356
-0.24876414
-0.050733782
0.14425436
0.33539855
0.52197832
0.70334315
0.87889987
1.0480998
1.2104250
1.3653754
1.5124550
1.6511595
1.7809658
1.9013207
2.0116336
2.1112697
2.1995461
2.2757308
2.3390439
2.3886621
2.4237268
2.4433548
2.4466522
2.4327319
2.4007344
2.3498504
2.2793460
2.1885905
2.0770853
1.9444929
1.7906681
1.6156855
1.4198681
1.2038134
0.96841466
0.71488041
0.44474787
0.15989123
-0.13747621
-0.44480669
-0.75923014
-1.0775735
-1.3963884
-1.7119858
-2.0204794
-2.3178346
-2.5999262
-2.8626001
-3.1017406
-3.3133419
-3.4935813
-3.6388946
-3.7460492
-3.8122177
-3.8350456
-3.8127146
-3.7439988
-3.6283131
-3.4657509
-3.2571113
-3.0039132
-2.7083986
-2.3735194
-2.0029130
-1.6008626
-1.1722448
-0.72246319
-0.25737175
0.21681410
0.69361496
1.1663922
1.6284590
2.0731936
2.4941552
2.8851974
3.2405782
3.5550652
3.8240316
4.0435419
4.2104254
4.3223372
4.3778014
4.3762407
4.3179865
4.2042713
4.0372081
3.8197451
3.5556118
3.2492447
2.9057012
2.5305626
2.1298256
1.7097877
1.2769269
0.83778012
0.39882088
-0.033659078
-0.45366299
-0.85559410
-1.2343503
-1.5854067
-1.9048836
-2.1895998
-2.4371092
-2.6457202
-2.8144987
-2.9432530
-3.0325048
-3.0834410
-3.0978565
-3.0780814
-3.0268989
-2.9474566
-2.8431716
-2.7176318
-2.5744984
-2.4174094
-2.2498887
-2.0752621
-1.8965812
-1.7165595
-1.5375206
-1.3613601
-1.1895210
-1.0229855
-0.86228031
-0.70749688
-0.55832541
-0.41410062
-0.27385926
-0.13640609
-0.00038730245