0.03375421927740968 1.15899041248402
0.07875984498062258 1.0183033882759398
0.10126265783222903 1.9534048029958067
0.11626453306663333 1.1739775191684636
0.20252531566445806 1.099517840760948
0.20627578447305914 0.8364662365520377
0.24003000375046882 0.9981909235127375
0.2437804725590699 0.8972517592278523
0.24753094136767098 0.9058328392133779
0.26628328541067636 0.912280239862469
0.2850356294536817 0.8992012997801188
0.30753844230528815 1.0111415999738698
0.3225403175396925 0.945219762114964
0.3525440680085011 0.8192186633641416
0.37129641205150643 0.8320150120612929
0.41630203775471936 0.8072612847786236
0.4350543817977247 0.9300821137578276
0.5138142267783473 0.6422210360826883
0.5400675084385549 0.643376951852659
0.5550693836729591 0.5295794262458485
0.5738217277159645 0.30560953110124367
0.6563320415051882 0.5848955951332857
0.795099387423428 0.37347179521794505
0.843855481935242 0.1840749181105263
0.8663582947868483 0.4170248246262776
0.9713714214276785 -0.11873399282447727
0.9826228278534818 0.09791027064242779
1.0088761095136893 -0.016236179371979916
1.053881735216902 0.06821077512389129
1.0688836104513064 0.04219371526732184
1.102637829728716 -0.11306332106686841
1.2264033004125516 -0.29429491198297775
1.2301537692211526 -0.3779701185733355
1.3051631453931742 -0.5812881738396539
1.3801725215651957 -0.5481657164220993
1.4364295536942118 -0.5249537768471483
1.440180022502813 -0.43311277861634
1.4701837729716216 -0.4366424464952807
1.4851856482060257 -0.6256150633037519
1.5039379922490312 -0.6387837033555119
1.53394174271784 -0.7606796477536026
1.5526940867608452 -0.7658900804432812
1.5676959619952495 -0.8475725582412303
1.6352044005500688 -0.4950424950374357
1.6614576822102765 -0.7674301762241109
1.6652081510188774 -0.8018888033306772
1.7177147143392926 -0.8909548165377094
1.7702212776597075 -0.6940948700969549
1.8152269033629205 -0.9836466479248269
1.8339792474059258 -0.8339510567930685
1.9089886235779474 -0.9142537822810238
1.9202400300037505 -0.8221488266749583
1.9352419052381549 -0.8866868345886578
1.9727465933241657 -0.947795973732413
1.9839979997499688 -0.8188853177329899
2.0065008126015753 -0.7781092903904244
2.0665083135391926 -0.8104517390962483
2.085260657582198 -0.7603249023441035
2.089011126390799 -0.8488856257445782
2.104013001625203 -0.851623463468555
2.19777472184023 -0.8715627232796117
2.3252906613326667 -0.7257721752113679
2.3702962870358797 -0.7435954958662406
2.445305663207901 -0.7832683775657605
2.4490561320165023 -0.5992823246063602
2.4678084760595076 -0.6462555472278084
2.482810351293912 -0.7593573693826889
2.535316914614327 -0.4941935647674934
2.640330041255157 -0.48224675048163956
2.65158144768096 -0.36803533862047483
2.670333791723966 -0.3093080265931662
2.700337542192774 -0.3230003105796992
2.745343167895987 -0.17224144732155833
2.8016002000250033 -0.3591897292583461
2.8203525440680086 -0.16943289342379922
2.842855356919615 -0.3053005352386365
2.8503562945368173 -0.25322842932316203
2.9703712964120514 -0.06530469154206194
3.0153769221152644 -0.008442711846483986
3.0341292661582697 0.02809025448913161
3.049131141392674 -0.05372543095972167
3.142892861607701 0.2580816423900215
3.1691461432679087 0.2530758021125347
3.2479059882485313 0.15008524025055572
3.330416302037755 0.5306168560257725
3.352919114889361 0.5574341852987413
3.3679209901237654 0.5214601908365843
3.394174271783973 0.4363752301406479
3.420427553444181 0.3463734702309643
3.5216902112764097 1.5686641229580625
3.581697712214027 0.5167569940842419
3.6042005250656333 0.7116958332596152
3.6117014626828357 0.5600638712397058
3.637954744343043 1.5741959007631292
3.656707088386048 0.6324498099123284
3.6642080260032506 0.6991424704826616
3.6679584948118515 0.6232815040481511
3.686710838854857 2.3857902393940793
3.7129641205150645 0.6352165598389373
3.742967870983873 0.6502329473793843
3.7842230278784847 0.8730840677120726
3.795474434304288 0.5325818187044902
3.817977247155895 0.49919765912344183
3.8967370921365174 0.7762222287544497
3.9079884985623203 0.5272304013552782
3.9192399049881237 0.8505561489603622
3.9717464683085386 0.6322992475449392
4.005500687585949 0.6049680318426166
4.031753969246156 2.5747736673112915
4.050506313289161 2.1509634026589026
4.133016627078385 0.8398582579745979
4.219277409676209 0.7032025190746465
4.226778347293412 0.5393965613835345
4.234279284910614 0.8140931235316299
4.2867858482310295 0.5657164201892907
4.294286785848231 0.6652828792178802
4.309288661082635 0.6655010104391134
4.346793349168646 0.5385139783701673
4.365545693211652 0.5990919659408231
4.406800850106263 0.6066878174867976
4.451806475809477 0.8905382368707235
4.478059757469684 0.37077801249309617
4.489311163895487 0.49092056311536186
4.545568196024504 0.5577284422384259
4.579322415301913 0.32885568788582903
4.583072884110514 0.3678293820372794
4.590573821727716 0.3337335749993417
4.620577572196525 0.5293532706343254
4.628078509813727 0.39861667776895543
4.6393299162395305 0.39446226760629827
4.70683835479435 0.16848206374046903
4.710588823602951 0.3424381643118758
4.748093511688961 0.20604521912778434
4.845605700712589 0.14805644527375902
4.84935616952119 0.07656248716822645
4.853106638329791 0.2114930631002422
4.8831103887986 0.17937199370819232
4.890611326415802 0.07797620380766503
4.894361795224404 0.1630584300214783
4.92061507688461 -0.011852792220287203
4.958119764970622 -0.10056101265706015
5.010626328291036 0.05819996677732936
5.02187773471684 -0.012290067015241395
5.029378672334042 0.6106249951405662
5.051881485185649 0.17719483064237573
5.130641330166271 -0.049285529714002616
5.190648831103888 -0.2556754130133818
5.280660082510314 -0.1390066844481674
5.284410551318915 -0.3428294945314733
5.325665708213527 -0.33383641544466547
5.359419927490936 -0.3422510069182687
5.460682585323165 -0.2004500780926045
5.501937742217778 -0.451786562009804
5.531941492686586 -0.5363724798638401
5.561945243155395 -0.45808092225523694
5.591948993624203 -0.5341557848580119
5.625703212901613 -0.3441967662079504
5.629453681710214 -0.5930076573269772
5.7082135266908365 -0.6440369608208675
5.7119639954994375 -0.5769368738129687
5.715714464308038 -0.5997381511451306
5.749468683585448 -0.330495650037961
5.843230403800475 -0.4537694549160285
5.918239779972497 -0.5004886670258054
5.951993999249907 -0.6876012966872675
6.00075009376172 -0.4747917633005545
6.045755719464934 -0.6691858211658884
6.075759469933742 -0.6736426482804828
6.079509938742343 -0.4165529437780062
6.105763220402551 -0.5146760918353281
6.128266033254157 -0.4494164919663216
6.1507688461057635 -0.44376042959269996
6.169521190148769 -0.4385533554450578
6.192024003000375 -0.5948299343952831
6.225778222277785 -0.5928021672544175
6.263282910363796 -0.44288952288261635
6.282035254406801 -0.5395215739763234
6.300787598449807 -1.1814159662839987
6.31203900487561 -0.8901081339107975
6.315789473684211 -0.4631551826517196
6.323290411301413 -0.5378889422918092
6.327040880110014 -0.5873320047305682
6.375796974621828 -0.5196968237032219
6.428303537942243 -0.6398514509967788
6.439554944368046 -0.33419187719247057
6.5070633829228655 -0.5198471495612416
6.52206525815727 -0.4142055794928872
6.525815726965871 -0.34239512896088253
6.544568071008876 -0.4261688412296041
6.552069008626079 -0.16728546789833737
6.597074634329291 -0.4272931368481733
6.657082135266909 -0.2532679285045564
6.7658457307163395 -0.17721063800538392
6.7695961995249405 -0.32122009513781435
6.80335041880235 -0.08369584116375961
6.807100887610952 -0.18840880310532512
6.810851356419553 -0.06153794922597473
6.837104638079761 -0.05963180546275253
6.8521065133141645 0.1141856914117723
6.900862607825979 0.050720603838573054
6.915864483060383 -0.10499822464938739
6.9383672959119895 -0.07144997225486564
7.11463932991624 0.15424256059350058
7.125890736342043 0.1458438674993837
7.140892611576447 0.195889640558366
7.197149643705464 -0.007494261055304544
7.2121515189398675 0.18122660875699928
7.227153394174272 0.10971070772215344
7.279659957494687 0.21991696591342605
7.2909113639204906 0.19832569305683798
7.305913239154894 1.1224826464118518
7.3246655831979 0.29920489010978885
7.339667458432304 0.33499727246139754
7.3809226153269165 0.2030403873192303
7.3884235529441185 0.18372591027929822
7.422177772221528 0.28669784351802574
7.437179647455932 0.26950524473225684
7.444680585073135 0.357614272359435
7.504688086010751 0.5430311265993887
7.5646955869483685 0.36958115067840325
7.5684460557569695 0.30741585866850335
7.572196524565571 0.32053973226945554
7.6509563695461935 0.343162111574779
7.680960120015002 0.4659312849612952
7.752219027378422 0.28381679437126595
7.789723715464433 0.4469730639923788
7.793474184273035 0.46505348123590623
7.800975121890237 0.43131865864261554
7.808476059507439 0.3884890604220838
7.88348543567946 0.4162193423885285
7.887235904488061 0.27866245919845034
7.898487310913865 0.42629154267633873
7.954744343042881 0.3657112148843297
7.965995749468684 0.49071483385607834
8.014751843980498 0.3409055604695848
8.037254656832104 0.5048028329845764
8.071008876109515 0.6048068650591479
8.104763095386923 0.24126349318157797
8.307288411051381 0.45243767409958285
8.367295911988998 0.43838952478663484
8.3710463807976 0.29422557020800466
8.389798724840606 0.34497253917966897
8.401050131266409 0.3452773186425736
8.40480060007501 0.32689687303946097
8.419802475309414 0.3074370739550737
8.50981372671584 0.09920154256047956
8.524815601950245 0.44461358740881973
8.551068883610451 0.3879318578051423
8.603575446930867 0.2161338764294745
8.607325915739468 0.10402602769721807
8.663582947868484 0.2774231155717018
8.671083885485686 0.11831048386798076
8.678584823102888 0.21318690432230153
8.682335291911489 0.13198365990350397
8.701087635954496 0.271438492431554
8.727340917614702 0.2506343932274314
8.772346543317916 0.07689620827305266
8.79109888736092 0.01594465733336283
8.82485310663833 -0.08149094001495713
8.854856857107139 0.11999153923103154
8.899862482810352 -0.08395106452026369
8.914864358044756 0.03556696344381668
8.96362045255657 -0.014996156293509238
9.076134516814601 -0.0357966655305197
9.098637329666209 -0.25575517834130995
9.106138267283411 -0.056780881905783204
9.304913114139268 -0.13938243731475236
9.31241405175647 -0.14487638495226973
9.357419677459683 -0.23368610167765647
9.387423427928491 -0.19815375462332901
9.458682335291911 -0.2133604864085828
9.469933741717716 -0.5496368002155011
9.496187023377923 -0.06746831384497144
9.571196399549944 -0.2851209571145831
9.574946868358545 -0.33732390274069235
9.608701087635955 -0.34371246098987224
9.62745343167896 -0.2856433150413357
9.65745718214777 -0.3459085957103231
9.66120765095637 -0.5136528631153291
9.679959994999376 -0.11745182386846753
9.717464683085385 -0.3526875538438336
9.739967495936993 -0.26976988891083886
9.758719839979998 -0.45630421252615383
9.7699712464058 -0.20271552854896416
9.773721715214402 -0.3475650782333223
9.79622452806601 -0.2784463401257258
9.79997499687461 -0.4750185327486781
9.807475934491812 -0.22686693937086594
9.826228278534817 -0.31121246972886696
9.916239529941244 -0.22841557209751973
9.946243280410052 -0.43066909202521436
10.01000125015627 -0.4265289274905355
10.028753594199275 -0.12787086047942192
10.062507813476685 -0.44956625181844906
10.1150143767971 -0.37893780096419155
10.126265783222903 -0.23881694941747741
10.14876859607451 -0.33285565340816564
10.235029378672335 -0.26681497457696884
10.29128641080135 -0.3768676484479159
10.317539692461558 -0.3040432132948231
10.32129016127016 -0.46701057439195887
10.422552819102389 -0.0807270157953476
10.512564070508814 -0.2543030575244607
10.572571571446431 -0.264430327181013
10.595074384298037 -0.1198506477266697
10.70758844855607 -0.18644364851547965
10.711338917364671 -0.2962682311474676
10.730091261407676 -0.25716357956023894
10.752594074259283 -0.05333344582773555
10.771346418302288 -0.12429607324318512
10.786348293536692 -0.12162424198251078
10.85010626328291 0.012637676519012552
10.857607200900112 -0.19165022799097542
10.895111888986124 -0.1184719201876688
10.977622202775347 -0.07949219647355638
10.981372671583948 0.012535463271498798
11.243905488186023 0.13880987496788805
11.270158769846232 0.10982648148143502
11.30016252031504 0.1039134414334584
11.461432679084886 0.1862865230710657
11.570196274534318 0.2168202669614491
11.596449556194525 0.16128764253728645
11.727715964495562 0.3147815149612139
11.765220652581574 0.16818095934421992
11.813976747093387 0.1789916143359908
11.855231903987999 0.25394335202255647
11.900237529691212 0.2776771414752204
11.92649081135142 0.5585918215944242
11.971496437054633 0.21810632823109563
12.035254406800851 0.39993812468020706
12.042755344418053 0.40172345935697684
12.061507688461058 0.15673920503388633
12.087760970121266 0.3574353796435942
12.147768471058884 0.15322497273824323
12.166520815101888 0.006048946050538476
12.204025503187898 0.33790539031405853
12.339042380297538 0.08856889807097508
12.395299412426553 0.26832030629473475
12.462807850981374 0.12885486401615087
12.504063007875985 0.35192495293783693
12.526565820727592 0.3119478958663848
12.530316289536193 -0.28287615140143685
12.534066758344794 0.1201138482788572
12.605325665708214 0.04055816147575146
12.612826603325416 0.11259690508133154
12.639079884985623 0.14017471183863903
12.65783222902863 0.12415113217957256
12.736592074009252 0.12013287224500473
12.785348168521066 0.14936518798486845
12.875359419927491 0.06799650053472035
12.965370671333917 -0.06366374077497608
12.980372546568322 -0.14652613592820268
13.017877234654332 0.12710211899611587
13.029128641080135 -0.08568658860293189
13.059132391548944 -0.10418074515784992
13.074134266783348 -0.08861213227103361
13.07788473559195 -0.22821152831341446
13.122890361295163 -0.10196427606007745
13.167895986998376 -0.11845549530414637
13.194149268658583 -0.023163199541417465
13.212901612701588 -0.022794364016402394
13.449181147643456 -0.15464146973158183
13.46418302287786 -0.052552409822433456
13.486685835729467 -0.1391807950401098
13.580447555944493 -0.22414371157019863
13.625453181647707 -0.19609190237240987
13.674209276159521 -0.22627015115522825
13.681710213776723 -0.23435317969605096
13.70796349543693 -0.25381003307162375
13.715464433054132 -0.35750709489359167
13.749218652331543 -0.22391777243350394
13.790473809226153 -0.3469303647352429
13.831728966120766 -0.15172347525997248
13.92174021752719 -0.25292356232993635
13.940492561570197 -0.25221380842549584
14.146768346043256 -0.2069349026624644
14.210526315789474 -0.17378247111530243
14.248031003875486 -0.3881878597207764
14.278034754344294 -0.28836960617446866
14.311788973621704 -0.13125848611496388
14.315539442430305 -0.34924660805393876
14.338042255281911 -0.1537675451764548
14.368046005750719 -0.44245008300692507
14.461807725965746 -0.2677631913935264
14.465558194774347 -0.17383811820702133
14.540567570946369 -0.31466615746246784
14.585573196649582 -0.2563344327564924
14.596824603075385 -0.30761505980326326
14.600575071883986 0.006104914580444612
14.604325540692587 -0.11610061141226306
14.731841480185023 0.001307947608076017
14.735591948993624 -0.08642445179855564
14.780597574696838 -0.08332068985412483
14.795599449931242 -0.25920085630530715
14.825603200400051 -0.08639183585293232
14.85935741967746 -0.12792378026866374
14.896862107763472 0.07300638172444224
14.986873359169897 0.12047286034228882
15.009376172021502 0.16192252268839868
15.024378047255908 0.12401444293376152
15.058132266533317 -0.06511321253170164
15.140642580322542 -0.058163817569209006
15.144393049131143 0.13377835354256573
15.148143517939744 0.09301749489114365
15.234404300537568 -0.11832393301112837
15.24190523815477 0.16608076426664764
15.301912739092387 0.22363355305309512
15.316914614326791 0.10337638579514227
15.339417427178399 0.07294856533388873
15.354419302412802 0.056617301983821006
15.45193149143643 0.01802146888082926
15.496937117139643 0.20151790364851985
15.530691336417053 0.1345906633427022
15.55319414926866 0.17216639149141388
15.583197899737467 0.32013880861908045
15.59069883735467 0.22300929677316297
15.654456807100889 0.21270441246126637
15.66195774471809 0.19407062746410036
15.665708213526692 0.346396898552633
15.688211026378298 0.34761694550797995
15.748218527315915 0.31767090100864026
15.774471808976122 0.797937603104865
15.823227903487936 0.0035247006281294326
15.83822977872234 0.23011555887321256
15.860732591573948 0.17669447091057475
15.883235404425553 0.251195567491444
15.991998999874985 0.2809669815933563
16.0370046255782 -0.06763697655365151
16.0445055631954 0.12526347846223565
16.22077759719965 0.25054683564945307
16.250781347668457 0.13001487885771298
16.28453556694587 0.020984150257550384
16.295786973371673 0.27544652533286523
16.314539317414678 0.19737560327321066
16.32204025503188 0.09320618531676063
16.32579072384048 0.17999944573831783
16.36329541192649 0.2463943396648203
16.475809476184523 0.14254708315960152
16.558319789973748 0.19891621503975151
16.580822602825354 0.15117363052527852
16.595824478059757 0.07651453714384324
16.59957494686836 0.00696052650017728
16.652081510188776 0.12710194401064193
16.655831978997377 0.13259560192297873
16.7420927615952 0.16838116987813753
16.757094636829603 0.08836535282833943
16.77584698087261 0.09985062397424026
16.820852606575823 -0.05491588764515248
16.88461057632204 -0.03768637881220009
16.899612451556447 0.04515852564238529
16.95211901487686 -0.09969353757406978
17.008376047005875 0.09346598837634196
17.023377922240282 0.057680622830948144
17.034629328666085 0.01422657942112524
17.117139642455307 0.03643890438851875
17.120890111263908 0.17414667076537826
17.13214151768971 -0.08126309282798301
17.184648081010128 -0.29660666116567147
17.19214901862733 -0.06062528071504518
17.29716214526816 -0.11394621359654984
17.312164020502564 -0.13928143870421264
17.319664958119766 -0.22014282261570428
17.37967245905738 -0.14142918844991262
17.454681835229405 -0.12552070268254445
17.47343417927241 -0.1816085831466553
17.597199649956245 0.08826063782645967
17.64970621327666 -0.22579977784691438
17.705963245405677 -0.2209964349102487
17.743467933491686 -0.35058954592385744
17.803475434429306 -0.12270687816698764
17.81472684085511 -0.3515410364317125
17.844730591323916 -0.21472186641695046
17.848481060132517 -0.20598218541593588
17.942242780347545 -0.2420920356906218
17.95724465558195 0.024103480067601078
18.159769971246405 -0.036276245821722806
18.16727090886361 -0.05356476595734744
18.20102512814102 -0.2511521988815735
18.261032629078635 -0.05987762806067523
18.264783097887236 -0.10602373358150383
18.358544818102263 -0.07495764037772557
18.403550443805475 -0.008950880890396487
18.45230653831729 -0.21307613564957337
18.463557944743094 -0.16536765026783182
18.497312164020503 -0.03867608487298959
18.617327165895738 -0.3781443232039754
18.639829978747343 0.09353371483765303
18.647330916364545 -0.005585117003036225
18.68483560445056 -0.07460211402844107
18.69608701087636 -0.07426978856955094
18.72234029253657 -0.16548042491968498
18.752344043005376 -0.03185174305973202
18.77109638704838 0.0779027842493531
18.857357169646207 0.0985522012054197
18.917364670583822 0.24563938996726464
18.958619827478437 -0.028154715479673187
19.041130141267658 -0.6202971768448494
19.082385298162272 -0.06132554044666931
19.093636704588075 -0.09839223223503686
19.101137642205277 -0.0058211144900570215
19.127390923865484 0.04763542268432275
19.277409676209526 0.04990182706519611
19.31491436429554 0.2207673955367144
19.367420927615953 0.04229242564035166
19.39367420927616 0.022018878308150594
19.412426553319165 0.05306192088683963
19.43117889736217 -0.0999944291368185
19.468683585448183 -0.085030245745657
19.476184523065385 -0.006534667898007817
19.483685460682587 0.26522446499326935
19.49868733591699 0.19234530416296447
19.50243780472559 0.23827725971155317
19.536192024003 -0.0002890056299415522
19.629953744218028 -0.10842210363105276
19.659957494686836 0.05792375391035499
19.67870983872984 0.13408255638431799
19.719964995624455 0.17578720734690342
19.768721090136268 0.24321321775751148
19.806225778222277 0.13707141955577112
19.81372671583948 1.8742820505124802
19.82122765345668 0.1257223506767712
19.832479059882488 0.0735588881008539
20.012501562695338 -0.037567124610423275
20.02375296912114 0.0647525953151517
20.05750718839855 0.14795715543728322
20.09126140767596 0.030079665990261448
20.110013751718967 0.19938851412535472
20.12126515814477 0.25256132975877915
20.155019377422178 -0.1119165648679107
20.20002500312539 0.1937831384914968
20.245030628828605 -0.1105525198864748
20.275034379297413 0.14463382865538932
20.353794224278037 0.22440937938007915
20.39879984998125 0.1484603121157378
20.417552194024253 -0.009257632259824268
20.436304538067258 0.08763504566590535
20.46630828853607 0.09569859072323342
20.593824228028506 0.08182143035302689
20.635079384923117 0.03959361836531303
20.64633079134892 0.04063836999780449
20.65008126015752 0.10245171879566363
20.770096262032755 -0.11748784270028162
20.777597199649957 0.007829787206048908
20.83010376297037 0.13860458545663581
20.912614076759596 -0.047593699493846356
20.916364545568197 -0.04308884968109872
20.9351168896112 0.13325723361353092
20.942617827228403 -0.2355900586804415
21.115139392424055 0.10575223327035672
21.13389173646706 -0.12628696302529568
21.2801600200025 -0.03998274854215423
21.302662832854107 -0.02966596433613588
21.355169396174524 0.039666776044112964
21.392674084260534 -0.09407408899488065
21.41892736592074 -0.1295114782427483
21.45268158519815 0.05541635851813895
21.45643205400675 -0.3048751142818297
21.46018252281535 -0.0900786209474991
21.48268533566696 -0.22902276092045085
21.505188148518567 -0.18695339009149148
21.508938617327168 0.14935769148598635
21.542692836604576 -0.06689427366258223
21.55394424303038 -0.06070483624915253
21.55769471183898 -0.26908704502521674
21.572696587073384 -0.18049423114537547
21.610201275159397 -0.0754374755653352
21.66270783847981 -0.09758793632303084
21.69271158894862 -0.04956216839782642
21.786473309163647 -0.06304980496569262
21.808976122015252 -0.05048352662035233
21.86523315414427 -0.08731626958915482
21.876484560570074 -0.28224218241928284
21.887735966995876 -0.08018921479505531
21.913989248656083 -0.03673098483633087
21.921490186273285 -0.06329211412024532
21.966495811976497 -0.1638554071129592
21.9852481560195 -0.17536405454045423
21.992749093636707 -0.2307501385965367
22.00025003125391 -0.13849557843657148
22.04525565695712 0.03688400961264309
22.124015501937745 -0.3061686784527735
22.165270658832355 -0.15591674989413085
22.18027253406676 -0.2327271679481868
22.210276284535567 0.00293077123745061
22.229028628578572 -0.12978162914622396
22.25153144143018 -0.13372274781763221
22.255281910238782 -0.13204494217446344
22.337792224028004 -0.04280712517535029
22.349043630453806 -0.12836448067471617
22.39029878734842 -0.3684129253538688
22.439054881860233 -0.027194387917041686
22.495311913989248 -0.017224599444470516
22.52156519564946 -0.09838019800420181
22.574071758969872 -0.17134067316119955
22.596574571821478 -0.014582870240535306
22.716589573696712 0.0018503666532164835
22.720340042505313 -0.10517761178416009
22.81035129391174 -0.08216862661524896
22.84410551318915 -0.10128431802280059
22.85160645080635 -0.02866493610628571
22.877859732466558 -0.15710575410635008
22.892861607700965 0.03719866312895023
22.941617702212778 -0.06890599246702603
22.94536817102138 0.013890917543199191
22.95661957744718 -0.1564351459706613
22.975371921490186 -0.0693374810448021
23.001625203150393 -0.03219831696025826
23.15164395549444 -0.13828294511107808
23.174146768346045 0.02264199530264642
23.22665333166646 -0.005894322584824686
23.23790473809226 -0.17426918461395946
23.275409426178275 -0.0842286829106306
23.354169271158895 0.1450293670908962
23.361670208776097 0.10770240965844079
23.44043005375672 0.029855277748221092
23.489186148268534 0.13727775438139483
23.492936617077135 0.07874118471610474
23.549193649206153 0.08581894907461057
23.58294786848356 0.23107197132968005
23.61295161895237 -0.0799403625126457
23.635454431803975 0.1613099205244194
23.650456307038382 0.012162987677154624
23.68421052631579 0.05483357490037119
23.744218027253407 0.06183563269301202
23.942992874109265 0.0643771609022301
24.040505063132894 -0.013474295189658009
24.070508813601702 0.12282312169864751
24.074259282410303 0.22944231726221034
24.093011626453308 0.09886070115930483
24.156769596199524 0.08910302079847199
24.24678084760595 0.021127345510833652
24.299287410926368 0.07189846116491332
24.314289286160772 0.5025885632420828
24.359294911863984 0.03728296039801503
24.393049131141392 0.040169535984659846
24.415551943993 0.14096091205245337
24.438054756844608 -0.05963016267065425
24.45305663207901 0.10339916147931805
24.498062257782223 0.15556342534296816
24.509313664208026 0.2250327345132266
24.558069758719842 0.08482669491729991
24.606825853231655 0.1946097161066634
24.72309038629829 0.12945093590164058
24.854356794599326 -0.055453565895713264
24.91436429553694 -1.176765820261594
24.940617577197152 -0.036033224967418835
24.96687085885736 0.10091884199846021
25.053131641455185 -0.006521238880865375
25.098137267158396 -0.06777744926833136
25.1093886735842 0.13000678147078998
25.124390548818603 0.022591775456590524
25.128141017627204 -0.2684500664494644
25.15064383047881 -0.010287097780202769
25.15814476809601 0.02632908888992384
25.184398049756222 0.010142584155150462
25.188148518564823 0.018334457424182382
25.206900862607828 0.006911390355401226
25.229403675459434 -0.14739793626865105
25.24815601950244 -0.07467969573775174
25.266908363545443 -0.1181716000155165
25.28566070758845 -0.13815499537288423
25.304413051631453 -0.15401695964800594
25.31941492686586 0.4141238371217116
25.34941867733467 -0.0840509531136133
25.368171021377673 -0.07539710214093592
25.39067383422928 -0.0961407191569105
25.4544318039755 -0.07036716827133474
25.510688836104514 0.018527633106105987
25.53694211776472 -0.28124158650746467
25.578197274659335 -0.009458034124810052
25.59319914989374 -0.12405612252724266
25.64195524440555 -0.26934991255938034
25.78072259032379 -0.2727137371275093
25.859482435304415 -0.1824408536863857
25.88198524815602 -0.0648100234830783
25.91573946743343 -0.02690673791230952
25.953244155519442 -0.15864664868684275
25.98699837479685 0.026032322847623773
25.998249781222654 0.0663766433241332
26.08826103262908 -0.01915631527355636
26.1595199399925 -0.11614679062630395
26.257032129016128 0.03350197972928094
26.324540567570946 -0.008429421036890851
26.358294786848358 -0.010132702754523187
26.414551818977372 -0.13090814622427066
26.433304163020377 -0.29859394558149793
26.482060257532194 0.17108448456957606
26.5045630703838 -0.2084034872128453
26.515814476809602 -0.0762841057487752
26.527065883235405 0.18921475433759094
26.572071508938617 0.022084725806527178
26.65458182272784 0.09056686755519452
26.68833604200525 -0.1771852285005578
26.838354794349296 -0.18216594583741846
26.8533566695837 -0.05923308837840198
26.860857607200902 0.06979794089946943
26.872109013626705 -0.07667553518307452
26.939617452181523 -0.09710044602465592
26.947118389798725 -0.030284314694247656
26.965870733841733 0.12042879362665218
27.048381047630954 -1.4414865411901547
27.063382922865358 -0.11926215715965273
27.078384798099762 -0.06698358894447914
27.12714089261158 0.1228377799119147
27.13089136142018 0.047722551822914
27.145893236654583 0.22309110735156115
27.164645580697588 0.11550950986216725
27.202150268783598 0.005725425706850376
27.224653081635207 0.14635769875515123
27.333416677084635 0.01942377140666974
27.348418552319043 -0.04683340747895777
27.48343542942868 0.08518839685874688
27.532191523940494 0.018069661021394914
27.577197149643705 0.04319861451261897
27.633454181772724 0.2179669459842818
27.70096262032754 0.105857611046626
27.712214026753344 -0.010979167721171922
27.727215901987748 0.0015859917457145094
27.734716839604953 0.1699220326163023
27.753469183647958 0.008163794533842958
27.79847480935117 0.006822214805058473
27.80222527815977 -0.022901575796688164
27.813476684585574 0.07841301855721154
27.854731841480184 -0.009343251981318707
27.86223277909739 -0.0726023575333183
27.918489811226404 -0.029126492451024444
27.922240280035005 -0.038731056441681955
27.94474309288661 0.1559163681943586
27.963495436929616 0.1374212686233412
27.989748718589826 0.13368840140169216
28.03850481310164 0.033102272691814885
28.072259032379048 0.014417708548684245
28.102262782847856 0.019039307943458882
28.132266533316667 -0.09043695455130882
28.154769346168273 0.3212725976395988
28.308538567320916 -0.18978511560863356
28.376047005875737 0.07800485811430026
28.42855356919615 -0.06744738831303833
28.454806850856357 0.016836010918938035
28.45855731966496 -0.10401654475924396
28.473559194899362 -0.06232129780454723
28.488561070133766 -0.025376881391166013
28.511063882985376 0.22725842217511003
28.541067633454183 0.03259664237204219
28.548568571071385 -0.057607940791199776
28.559819977497188 0.12731603983683842
28.589823727965996 0.04918410894508412
28.619827478434804 0.0921639440954603
28.649831228903615 -0.16770494055792956
28.676084510563822 0.04235587806019664
28.724840605075634 0.10852453434535812
28.728591073884235 -0.17061598318555388
28.758594824353047 0.055467672701696384
28.80735091886486 0.19154209096302585
28.841105138142268 -0.006531387955987131
28.859857482185273 0.09907107923011141
28.931116389548695 0.09794269362183256
28.972371546443306 -0.0692212903105548
28.976122015251907 -0.03848946369650253
29.01362670333792 -0.14992162426937386
29.01737717214652 -0.4760313625780616
29.05863232904113 0.06119137616722681
29.107388423552944 0.06582521524496063
29.114889361170146 -0.04191498553329614
29.118639829978747 0.05239539941838427
29.15614451806476 -0.10012645430224054
29.163645455681962 -0.03689460165376708
29.246155769471184 0.01232449306449563
29.257407175896986 0.1991260453877604
29.268658582322793 -0.03458693709432828
29.272409051131394 -0.03428703196940762
29.37742217777222 -0.03288667102692336
29.43742967870984 -0.14969841575815124
29.504938117264658 0.03748360588936285
29.557444680585075 -0.06791080016093465
29.561195149393676 -0.2046117201767071
29.564945618202277 -0.02355657486781581
29.624953119139892 -0.06294877649863839
29.6474559319915 -0.17289612151505118
29.666208276034506 -0.061854849575532576
29.67370921365171 0.07581637730763992
29.711213901737718 0.02021243045691266
29.71871483935492 0.020150759658906912
29.729966245780723 -0.2025323345566985
29.75621952744093 0.007865806877818838
29.77872234029254 0.11460982760932693
29.797474684335544 0.016134577961136928
29.801225153144145 -0.01816573914662912
29.808726090761347 -0.1994552354680645
29.872484060507563 -0.07222050564349045
29.902487810976375 -0.13370537847439148
29.95499437429679 -0.08250006927728554
29.973746718339793 -0.12839014425831236
