  2.3600056e+002  0.0000000e+000
  2.3600556e+002  7.5425495e-003
  2.3601056e+002  1.5010948e-002
  2.3601556e+002  2.1193059e-002
  2.3602055e+002  2.6888716e-002
  2.3602555e+002  3.2290645e-002
  2.3603055e+002  3.7161758e-002
  2.3603555e+002  4.3143049e-002
  2.3604055e+002  4.9422482e-002
  2.3604554e+002  5.6344045e-002
  2.3605054e+002  6.3729426e-002
  2.3605554e+002  7.3013623e-002
  2.3606054e+002  8.2801246e-002
  2.3606554e+002  9.3094778e-002
  2.3607053e+002  1.0362029e-001
  2.3607553e+002  1.1413009e-001
  2.3608053e+002  1.2417949e-001
  2.3608553e+002  1.3306574e-001
  2.3609053e+002  1.4070426e-001
  2.3609552e+002  1.4657547e-001
  2.3610052e+002  1.5049617e-001
  2.3610552e+002  1.5289894e-001
  2.3611052e+002  1.5446480e-001
  2.3611552e+002  1.5390667e-001
  2.3612051e+002  1.5308150e-001
  2.3612551e+002  1.5121670e-001
  2.3613051e+002  1.4907769e-001
  2.3613551e+002  1.4662920e-001
  2.3614051e+002  1.4429015e-001
  2.3614550e+002  1.4201460e-001
  2.3615050e+002  1.3929395e-001
  2.3615550e+002  1.3528521e-001
  2.3616050e+002  1.3067764e-001
  2.3616550e+002  1.2438952e-001
  2.3617049e+002  1.1663330e-001
  2.3617549e+002  1.0724667e-001
  2.3618049e+002  9.7023755e-002
  2.3618549e+002  8.5566792e-002
  2.3619049e+002  7.3595961e-002
  2.3619548e+002  6.0790305e-002
  2.3620048e+002  4.7761986e-002
  2.3620548e+002  3.4846006e-002
  2.3621048e+002  2.2588600e-002
  2.3621548e+002  1.1467995e-002
  2.3622047e+002  1.4388060e-003
  2.3622547e+002 -7.0601881e-003
  2.3623047e+002 -1.3815063e-002
  2.3623547e+002 -1.9014186e-002
  2.3624047e+002 -2.2877029e-002
  2.3624546e+002 -2.5614337e-002
  2.3625046e+002 -2.7390098e-002
  2.3625546e+002 -2.8251438e-002
  2.3626046e+002 -2.8443407e-002
  2.3626546e+002 -2.8137439e-002
  2.3627045e+002 -2.7838517e-002
  2.3627545e+002 -2.7851544e-002
  2.3628045e+002 -2.7964145e-002
  2.3628545e+002 -2.7655257e-002
  2.3629045e+002 -2.7460108e-002
  2.3629544e+002 -2.7282249e-002
  2.3630044e+002 -2.6681807e-002
  2.3630544e+002 -2.5167344e-002
  2.3631044e+002 -2.3051592e-002
  2.3631544e+002 -2.0882887e-002
  2.3632043e+002 -1.7851138e-002
  2.3632543e+002 -1.4480220e-002
  2.3633043e+002 -1.0563793e-002
  2.3633543e+002 -6.2408247e-003
  2.3634043e+002 -1.2052384e-003
  2.3634542e+002  3.6599387e-003
  2.3635042e+002  8.7295466e-003
  2.3635542e+002  1.3875297e-002
  2.3636042e+002  1.9017879e-002
  2.3636542e+002  2.3604580e-002
  2.3637041e+002  2.8270369e-002
  2.3637541e+002  3.3198320e-002
  2.3638041e+002  3.7865202e-002
  2.3638541e+002  4.2995670e-002
  2.3639041e+002  4.8575159e-002
  2.3639540e+002  5.4376913e-002
  2.3640040e+002  6.0391426e-002
  2.3640540e+002  6.6917671e-002
  2.3641040e+002  7.3367467e-002
  2.3641540e+002  8.0087748e-002
  2.3642039e+002  8.6884966e-002
  2.3642539e+002  9.3740396e-002
  2.3643039e+002  1.0031433e-001
  2.3643539e+002  1.0695903e-001
  2.3644039e+002  1.1291828e-001
  2.3644538e+002  1.1827802e-001
  2.3645038e+002  1.2311338e-001
  2.3645538e+002  1.2720607e-001
  2.3646038e+002  1.3067555e-001
  2.3646538e+002  1.3276340e-001
  2.3647037e+002  1.3354912e-001
  2.3647537e+002  1.3342964e-001
  2.3648037e+002  1.3271029e-001
  2.3648537e+002  1.3127222e-001
  2.3649037e+002  1.2968276e-001
  2.3649536e+002  1.2744388e-001
  2.3650036e+002  1.2492313e-001
  2.3650536e+002  1.2172658e-001
  2.3651036e+002  1.1818226e-001
  2.3651536e+002  1.1348488e-001
  2.3652035e+002  1.0789866e-001
  2.3652535e+002  1.0174815e-001
  2.3653035e+002  9.4942931e-002
  2.3653535e+002  8.7347510e-002
  2.3654035e+002  7.9854348e-002
  2.3654534e+002  7.1485746e-002
  2.3655034e+002  6.3212719e-002
  2.3655534e+002  5.5090709e-002
  2.3656034e+002  4.7294489e-002
  2.3656534e+002  3.9950327e-002
  2.3657033e+002  3.2974310e-002
  2.3657533e+002  2.6331914e-002
  2.3658033e+002  1.9623426e-002
  2.3658533e+002  1.3549324e-002
  2.3659033e+002  7.9513805e-003
  2.3659532e+002  2.8944735e-003
  2.3660032e+002 -1.5564725e-003
  2.3660532e+002 -5.4241725e-003
  2.3661032e+002 -9.3666659e-003
  2.3661532e+002 -1.2540740e-002
  2.3662031e+002 -1.5584352e-002
  2.3662531e+002 -1.8461564e-002
  2.3663031e+002 -2.0581789e-002
  2.3663531e+002 -2.2299461e-002
  2.3664031e+002 -2.3393363e-002
  2.3664530e+002 -2.3865598e-002
  2.3665030e+002 -2.3717852e-002
  2.3665530e+002 -2.3210574e-002
  2.3666030e+002 -2.2139119e-002
  2.3666530e+002 -2.0330360e-002
  2.3667029e+002 -1.8125889e-002
  2.3667529e+002 -1.5762194e-002
  2.3668029e+002 -1.2439383e-002
  2.3668529e+002 -8.6725136e-003
  2.3669029e+002 -4.0309154e-003
  2.3669528e+002  1.3358277e-003
  2.3670028e+002  7.6425616e-003
  2.3670528e+002  1.4241694e-002
  2.3671028e+002  2.1604869e-002
  2.3671528e+002  2.9517752e-002
  2.3672027e+002  3.7947752e-002
  2.3672527e+002  4.6507757e-002
  2.3673027e+002  5.4942493e-002
  2.3673527e+002  6.3920877e-002
  2.3674027e+002  7.2718375e-002
  2.3674526e+002  8.1631895e-002
  2.3675026e+002  9.0104027e-002
  2.3675526e+002  9.8359088e-002
  2.3676026e+002  1.0639520e-001
  2.3676526e+002  1.1357782e-001
  2.3677025e+002  1.2034901e-001
  2.3677525e+002  1.2615895e-001
  2.3678025e+002  1.3114607e-001
  2.3678525e+002  1.3540605e-001
  2.3679025e+002  1.3851922e-001
  2.3679524e+002  1.4068285e-001
  2.3680024e+002  1.4173075e-001
  2.3680524e+002  1.4238950e-001
  2.3681024e+002  1.4211574e-001
  2.3681524e+002  1.4106460e-001
  2.3682023e+002  1.3945344e-001
  2.3682523e+002  1.3775979e-001
  2.3683023e+002  1.3456439e-001
  2.3683523e+002  1.3080702e-001
  2.3684023e+002  1.2679428e-001
  2.3684522e+002  1.2279106e-001
  2.3685022e+002  1.1777726e-001
  2.3685522e+002  1.1215170e-001
  2.3686022e+002  1.0663368e-001
  2.3686522e+002  1.0077096e-001
  2.3687021e+002  9.4225223e-002
  2.3687521e+002  8.7748239e-002
  2.3688021e+002  8.0889422e-002
  2.3688521e+002  7.3941436e-002
  2.3689021e+002  6.6864766e-002
  2.3689520e+002  5.9996665e-002
  2.3690020e+002  5.3560124e-002
  2.3690520e+002  4.7292454e-002
  2.3691020e+002  4.1723179e-002
  2.3691520e+002  3.6328015e-002
  2.3692019e+002  3.1574065e-002
  2.3692519e+002  2.7555238e-002
  2.3693019e+002  2.4333037e-002
  2.3693519e+002  2.1108839e-002
  2.3694019e+002  1.8408960e-002
  2.3694518e+002  1.6160558e-002
  2.3695018e+002  1.3882812e-002
  2.3695518e+002  1.1254204e-002
  2.3696018e+002  9.0272077e-003
  2.3696518e+002  6.7478416e-003
  2.3697017e+002  3.7899080e-003
  2.3697517e+002  8.8400328e-004
  2.3698017e+002 -1.7051196e-003
  2.3698517e+002 -4.0906950e-003
  2.3699017e+002 -6.5177981e-003
  2.3699516e+002 -7.9900328e-003
  2.3700016e+002 -9.0832538e-003
  2.3700516e+002 -9.6446828e-003
  2.3701016e+002 -9.6698655e-003
  2.3701516e+002 -8.9766188e-003
  2.3702015e+002 -7.6197868e-003
  2.3702515e+002 -6.0269706e-003
  2.3703015e+002 -3.3560404e-003
  2.3703515e+002 -1.1252281e-004
  2.3704015e+002  3.4412350e-003
  2.3704514e+002  7.7876727e-003
  2.3705014e+002  1.2816008e-002
  2.3705514e+002  1.7865637e-002
  2.3706014e+002  2.3390169e-002
  2.3706514e+002  2.9285838e-002
  2.3707013e+002  3.5500564e-002
  2.3707513e+002  4.1992228e-002
  2.3708013e+002  4.8752236e-002
  2.3708513e+002  5.6165326e-002
  2.3709013e+002  6.3607715e-002
  2.3709512e+002  7.1690064e-002
  2.3710012e+002  7.9291824e-002
  2.3710512e+002  8.7509052e-002
  2.3711012e+002  9.5962254e-002
  2.3711512e+002  1.0435168e-001
  2.3712011e+002  1.1254914e-001
  2.3712511e+002  1.2039922e-001
  2.3713011e+002  1.2753056e-001
  2.3713511e+002  1.3361421e-001
  2.3714011e+002  1.3860176e-001
  2.3714510e+002  1.4263820e-001
  2.3715010e+002  1.4570901e-001
  2.3715510e+002  1.4799063e-001
  2.3716010e+002  1.4841200e-001
  2.3716510e+002  1.4830614e-001
  2.3717009e+002  1.4737550e-001
  2.3717509e+002  1.4592251e-001
  2.3718009e+002  1.4284137e-001
  2.3718509e+002  1.3974082e-001
  2.3719009e+002  1.3644127e-001
  2.3719508e+002  1.3253330e-001
  2.3720008e+002  1.2837019e-001
  2.3720508e+002  1.2363800e-001
  2.3721008e+002  1.1883447e-001
  2.3721508e+002  1.1371512e-001
  2.3722007e+002  1.0859077e-001
  2.3722507e+002  1.0319708e-001
  2.3723007e+002  9.7458739e-002
  2.3723507e+002  9.0731583e-002
  2.3724007e+002  8.3821421e-002
  2.3724506e+002  7.6261758e-002
  2.3725006e+002  6.8216252e-002
  2.3725506e+002  6.0130101e-002
  2.3726006e+002  5.2207687e-002
  2.3726506e+002  4.3973866e-002
  2.3727005e+002  3.5793635e-002
  2.3727505e+002  2.8406614e-002
  2.3728005e+002  2.1461664e-002
  2.3728505e+002  1.5179684e-002
  2.3729005e+002  1.0117544e-002
  2.3729504e+002  5.9587896e-003
  2.3730004e+002  2.2305672e-003
  2.3730504e+002 -1.1102035e-003
  2.3731004e+002 -3.8127074e-003
  2.3731504e+002 -6.6781403e-003
  2.3732003e+002 -9.3974236e-003
  2.3732503e+002 -1.1636093e-002
  2.3733003e+002 -1.3815349e-002
  2.3733503e+002 -1.5851332e-002
  2.3734003e+002 -1.7442643e-002
  2.3734502e+002 -1.8481671e-002
  2.3735002e+002 -1.9117408e-002
  2.3735502e+002 -1.9185489e-002
  2.3736002e+002 -1.8177575e-002
  2.3736502e+002 -1.6580987e-002
  2.3737001e+002 -1.4109203e-002
  2.3737501e+002 -1.0721095e-002
  2.3738001e+002 -6.4080881e-003
  2.3738501e+002 -1.3802957e-003
  2.3739001e+002  4.7325522e-003
  2.3739500e+002  1.1637387e-002
  2.3740000e+002  1.9498507e-002
  2.3740500e+002  2.7422248e-002
  2.3741000e+002  3.5666676e-002
  2.3741500e+002  4.3927630e-002
  2.3741999e+002  5.1934261e-002
  2.3742499e+002  5.9843730e-002
  2.3742999e+002  6.7534542e-002
  2.3743499e+002  7.4478321e-002
  2.3743999e+002  8.1671698e-002
  2.3744498e+002  8.8392928e-002
  2.3744998e+002  9.4728936e-002
  2.3745498e+002  1.0077965e-001
  2.3745998e+002  1.0659093e-001
  2.3746498e+002  1.1140542e-001
  2.3746997e+002  1.1605933e-001
  2.3747497e+002  1.2048105e-001
  2.3747997e+002  1.2415656e-001
  2.3748497e+002  1.2727954e-001
  2.3748997e+002  1.3032702e-001
  2.3749496e+002  1.3276730e-001
  2.3749996e+002  1.3459384e-001
  2.3750496e+002  1.3604168e-001
  2.3750996e+002  1.3644991e-001
  2.3751496e+002  1.3591250e-001
  2.3751995e+002  1.3529295e-001
  2.3752495e+002  1.3355805e-001
  2.3752995e+002  1.3152028e-001
  2.3753495e+002  1.2838758e-001
  2.3753995e+002  1.2564831e-001
  2.3754494e+002  1.2291733e-001
  2.3754994e+002  1.1982662e-001
  2.3755494e+002  1.1657956e-001
  2.3755994e+002  1.1345436e-001
  2.3756494e+002  1.0984381e-001
  2.3756993e+002  1.0607773e-001
  2.3757493e+002  1.0222387e-001
  2.3757993e+002  9.7605118e-002
  2.3758493e+002  9.2818212e-002
  2.3758993e+002  8.7324302e-002
  2.3759492e+002  8.2085034e-002
  2.3759992e+002  7.6245117e-002
  2.3760492e+002  7.0283749e-002
  2.3760992e+002  6.4327104e-002
  2.3761492e+002  5.7752328e-002
  2.3761991e+002  5.1414879e-002
  2.3762491e+002  4.4963414e-002
  2.3762991e+002  3.8364186e-002
  2.3763491e+002  3.1619791e-002
  2.3763991e+002  2.5241841e-002
  2.3764490e+002  1.8016034e-002
  2.3764990e+002  1.1094660e-002
  2.3765490e+002  4.1995938e-003
  2.3765990e+002 -1.9628325e-003
  2.3766490e+002 -7.7828062e-003
  2.3766989e+002 -1.3032485e-002
  2.3767489e+002 -1.7430923e-002
  2.3767989e+002 -2.1214808e-002
  2.3768489e+002 -2.4174456e-002
  2.3768989e+002 -2.7330126e-002
  2.3769488e+002 -2.9634595e-002
  2.3769988e+002 -3.1264637e-002
  2.3770488e+002 -3.1667314e-002
  2.3770988e+002 -3.1361926e-002
  2.3771488e+002 -3.0224847e-002
  2.3771987e+002 -2.7928754e-002
  2.3772487e+002 -2.4748961e-002
  2.3772987e+002 -2.0941748e-002
  2.3773487e+002 -1.5966187e-002
  2.3773987e+002 -1.0009594e-002
  2.3774486e+002 -3.7919871e-003
  2.3774986e+002  3.2648381e-003
  2.3775486e+002  1.0981400e-002
  2.3775986e+002  1.8810435e-002
  2.3776486e+002  2.7161014e-002
  2.3776985e+002  3.5917523e-002
  2.3777485e+002  4.4462165e-002
  2.3777985e+002  5.3363707e-002
  2.3778485e+002  6.2261262e-002
  2.3778985e+002  7.0834746e-002
  2.3779484e+002  7.8651933e-002
  2.3779984e+002  8.6723397e-002
  2.3780484e+002  9.4353164e-002
  2.3780984e+002  1.0158438e-001
  2.3781484e+002  1.0892033e-001
  2.3781983e+002  1.1575588e-001
  2.3782483e+002  1.2137233e-001
  2.3782983e+002  1.2676823e-001
  2.3783483e+002  1.3137974e-001
  2.3783983e+002  1.3521264e-001
  2.3784482e+002  1.3812062e-001
  2.3784982e+002  1.4102247e-001
  2.3785482e+002  1.4241906e-001
  2.3785982e+002  1.4347487e-001
  2.3786482e+002  1.4385637e-001
  2.3786981e+002  1.4403752e-001
  2.3787481e+002  1.4342995e-001
  2.3787981e+002  1.4254586e-001
  2.3788481e+002  1.4091557e-001
  2.3788981e+002  1.3844720e-001
  2.3789480e+002  1.3617241e-001
  2.3789980e+002  1.3257711e-001
  2.3790480e+002  1.2896719e-001
  2.3790980e+002  1.2534587e-001
  2.3791480e+002  1.2084456e-001
  2.3791979e+002  1.1625574e-001
  2.3792479e+002  1.1104876e-001
  2.3792979e+002  1.0523191e-001
  2.3793479e+002  9.9309339e-002
  2.3793979e+002  9.2960464e-002
  2.3794478e+002  8.5925299e-002
  2.3794978e+002  7.9001654e-002
  2.3795478e+002  7.1512913e-002
  2.3795978e+002  6.4042243e-002
  2.3796478e+002  5.6501473e-002
  2.3796977e+002  4.9473216e-002
  2.3797477e+002  4.1959449e-002
  2.3797977e+002  3.4372145e-002
  2.3798477e+002  2.7541824e-002
  2.3798977e+002  2.1102096e-002
  2.3799476e+002  1.4336960e-002
  2.3799976e+002  8.1497636e-003
  2.3800476e+002  2.3973683e-003
  2.3800976e+002 -3.0801540e-003
  2.3801476e+002 -8.4992313e-003
  2.3801975e+002 -1.2956940e-002
  2.3802475e+002 -1.7146524e-002
  2.3802975e+002 -2.1198364e-002
  2.3803475e+002 -2.5040084e-002
  2.3803975e+002 -2.8043692e-002
  2.3804474e+002 -3.0455582e-002
  2.3804974e+002 -3.2438455e-002
  2.3805474e+002 -3.3143000e-002
  2.3805974e+002 -3.2759955e-002
  2.3806474e+002 -3.1195150e-002
  2.3806973e+002 -2.9255105e-002
  2.3807473e+002 -2.5755719e-002
  2.3807973e+002 -2.2620924e-002
  2.3808473e+002 -1.8593342e-002
  2.3808973e+002 -1.3256321e-002
  2.3809472e+002 -8.0074678e-003
  2.3809972e+002 -2.2457654e-003
  2.3810472e+002  4.4173977e-003
  2.3810972e+002  1.1011976e-002
  2.3811472e+002  1.7187620e-002
  2.3811971e+002  2.4372922e-002
  2.3812471e+002  3.1166698e-002
  2.3812971e+002  3.7986016e-002
  2.3813471e+002  4.5352531e-002
  2.3813971e+002  5.2324919e-002
  2.3814470e+002  5.9223126e-002
  2.3814970e+002  6.6313122e-002
  2.3815470e+002  7.3258350e-002
  2.3815970e+002  7.9617350e-002
  2.3816470e+002  8.6167415e-002
  2.3816969e+002  9.2676297e-002
  2.3817469e+002  9.8424220e-002
  2.3817969e+002  1.0468509e-001
  2.3818469e+002  1.0984911e-001
  2.3818969e+002  1.1498080e-001
  2.3819468e+002  1.1934263e-001
  2.3819968e+002  1.2385262e-001
  2.3820468e+002  1.2722283e-001
  2.3820968e+002  1.3055413e-001
  2.3821468e+002  1.3354620e-001
  2.3821967e+002  1.3596507e-001
  2.3822467e+002  1.3753725e-001
  2.3822967e+002  1.3947711e-001
  2.3823467e+002  1.3999143e-001
  2.3823967e+002  1.4040982e-001
  2.3824466e+002  1.4046551e-001
  2.3824966e+002  1.4018835e-001
  2.3825466e+002  1.3942974e-001
  2.3825966e+002  1.3797825e-001
  2.3826466e+002  1.3563892e-001
  2.3826965e+002  1.3246490e-001
  2.3827465e+002  1.2904030e-001
  2.3827965e+002  1.2473616e-001
  2.3828465e+002  1.1959484e-001
  2.3828965e+002  1.1365184e-001
  2.3829464e+002  1.0727411e-001
  2.3829964e+002  9.9762678e-002
  2.3830464e+002  9.1665024e-002
  2.3830964e+002  8.3391525e-002
  2.3831464e+002  7.4474351e-002
  2.3831963e+002  6.5690660e-002
  2.3832463e+002  5.7228288e-002
  2.3832963e+002  4.8857610e-002
  2.3833463e+002  4.0382401e-002
  2.3833963e+002  3.2687476e-002
  2.3834462e+002  2.5129327e-002
  2.3834962e+002  1.7620114e-002
  2.3835462e+002  1.0810123e-002
  2.3835962e+002  4.5342212e-003
  2.3836462e+002 -1.4059375e-003
  2.3836961e+002 -6.5619538e-003
  2.3837461e+002 -1.1645258e-002
  2.3837961e+002 -1.6326157e-002
  2.3838461e+002 -1.9998300e-002
  2.3838961e+002 -2.2862722e-002
  2.3839460e+002 -2.5503823e-002
  2.3839960e+002 -2.6730768e-002
  2.3840460e+002 -2.7110023e-002
  2.3840960e+002 -2.7082316e-002
  2.3841460e+002 -2.5973160e-002
  2.3841959e+002 -2.4561036e-002
  2.3842459e+002 -2.2385187e-002
  2.3842959e+002 -1.9392522e-002
  2.3843459e+002 -1.5538167e-002
  2.3843959e+002 -1.0949674e-002
  2.3844458e+002 -5.6057523e-003
  2.3844958e+002 -1.8755877e-004
  2.3845458e+002  5.5024550e-003
  2.3845958e+002  1.0988911e-002
  2.3846458e+002  1.7100696e-002
  2.3846957e+002  2.3074578e-002
  2.3847457e+002  2.8726987e-002
  2.3847957e+002  3.4934483e-002
  2.3848457e+002  4.0840989e-002
  2.3848957e+002  4.6634670e-002
  2.3849456e+002  5.2551577e-002
  2.3849956e+002  5.9014525e-002
  2.3850456e+002  6.4863404e-002
  2.3850956e+002  7.0912549e-002
  2.3851456e+002  7.7728103e-002
  2.3851955e+002  8.4187993e-002
  2.3852455e+002  9.0588108e-002
  2.3852955e+002  9.7006141e-002
  2.3853455e+002  1.0298465e-001
  2.3853955e+002  1.0836375e-001
  2.3854454e+002  1.1320316e-001
  2.3854954e+002  1.1783548e-001
  2.3855454e+002  1.2210236e-001
  2.3855954e+002  1.2572114e-001
  2.3856454e+002  1.2913971e-001
  2.3856953e+002  1.3182442e-001
  2.3857453e+002  1.3424123e-001
  2.3857953e+002  1.3623263e-001
  2.3858453e+002  1.3740060e-001
  2.3858953e+002  1.3855650e-001
  2.3859452e+002  1.3884200e-001
  2.3859952e+002  1.3886367e-001
  2.3860452e+002  1.3863396e-001
  2.3860952e+002  1.3739358e-001
  2.3861452e+002  1.3573644e-001
  2.3861951e+002  1.3347345e-001
  2.3862451e+002  1.3030357e-001
  2.3862951e+002  1.2655947e-001
  2.3863451e+002  1.2217148e-001
  2.3863951e+002  1.1727596e-001
  2.3864450e+002  1.1212487e-001
  2.3864950e+002  1.0637907e-001
  2.3865450e+002  1.0034923e-001
  2.3865950e+002  9.3799650e-002
  2.3866450e+002  8.7011928e-002
  2.3866949e+002  7.9988363e-002
  2.3867449e+002  7.2666234e-002
  2.3867949e+002  6.4967478e-002
  2.3868449e+002  5.6729422e-002
  2.3868949e+002  4.9247853e-002
  2.3869448e+002  4.1395936e-002
  2.3869948e+002  3.4139792e-002
  2.3870448e+002  2.7119793e-002
  2.3870948e+002  2.0723199e-002
  2.3871448e+002  1.4517493e-002
  2.3871947e+002  9.1891640e-003
  2.3872447e+002  3.4937374e-003
  2.3872947e+002 -1.4008031e-003
  2.3873447e+002 -5.9057356e-003
  2.3873947e+002 -9.7171018e-003
  2.3874446e+002 -1.2632842e-002
  2.3874946e+002 -1.5225159e-002
  2.3875446e+002 -1.6945177e-002
  2.3875946e+002 -1.8322445e-002
  2.3876446e+002 -1.9326526e-002
  2.3876945e+002 -1.9393404e-002
  2.3877445e+002 -1.8827957e-002
  2.3877945e+002 -1.7360833e-002
  2.3878445e+002 -1.5029715e-002
  2.3878945e+002 -1.2755924e-002
  2.3879444e+002 -1.0172528e-002
  2.3879944e+002 -6.2798848e-003
  2.3880444e+002 -3.0277426e-003
  2.3880944e+002  1.0000041e-003
  2.3881444e+002  5.3405017e-003
  2.3881943e+002  1.0239150e-002
  2.3882443e+002  1.4812300e-002
  2.3882943e+002  2.0377762e-002
  2.3883443e+002  2.5815664e-002
  2.3883943e+002  3.1523837e-002
  2.3884442e+002  3.7627812e-002
  2.3884942e+002  4.4096802e-002
  2.3885442e+002  5.0852073e-002
  2.3885942e+002  5.7803618e-002
  2.3886442e+002  6.4916724e-002
  2.3886941e+002  7.1738132e-002
  2.3887441e+002  7.8499795e-002
  2.3887941e+002  8.4616197e-002
  2.3888441e+002  9.0968306e-002
  2.3888941e+002  9.6984229e-002
  2.3889440e+002  1.0294256e-001
  2.3889940e+002  1.0869416e-001
  2.3890440e+002  1.1422387e-001
  2.3890940e+002  1.1825359e-001
  2.3891440e+002  1.2267132e-001
  2.3891939e+002  1.2608567e-001
  2.3892439e+002  1.2856060e-001
  2.3892939e+002  1.3101340e-001
  2.3893439e+002  1.3322000e-001
  2.3893939e+002  1.3504369e-001
  2.3894438e+002  1.3578092e-001
  2.3894938e+002  1.3632369e-001
  2.3895438e+002  1.3622885e-001
  2.3895938e+002  1.3527251e-001
  2.3896438e+002  1.3348703e-001
  2.3896937e+002  1.3151132e-001
  2.3897437e+002  1.2907751e-001
  2.3897937e+002  1.2477650e-001
  2.3898437e+002  1.2070019e-001
  2.3898937e+002  1.1605282e-001
  2.3899436e+002  1.1065520e-001
  2.3899936e+002  1.0501858e-001
  2.3900436e+002  9.9635720e-002
  2.3900936e+002  9.3391633e-002
  2.3901436e+002  8.6980186e-002
  2.3901935e+002  8.0653180e-002
  2.3902435e+002  7.4219368e-002
  2.3902935e+002  6.7464348e-002
  2.3903435e+002  6.1092661e-002
  2.3903935e+002  5.4660628e-002
  2.3904434e+002  4.8181074e-002
  2.3904934e+002  4.2368524e-002
  2.3905434e+002  3.6679894e-002
  2.3905934e+002  3.1021934e-002
  2.3906434e+002  2.5956494e-002
  2.3906933e+002  2.1124924e-002
  2.3907433e+002  1.6425747e-002
  2.3907933e+002  1.2531343e-002
  2.3908433e+002  9.0798598e-003
  2.3908933e+002  5.8430620e-003
  2.3909432e+002  3.4492849e-003
  2.3909932e+002  1.4624197e-003
  2.3910432e+002 -3.2152409e-004
  2.3910932e+002 -1.7610239e-003
  2.3911432e+002 -2.4289061e-003
  2.3911931e+002 -3.0646430e-003
  2.3912431e+002 -3.1497953e-003
  2.3912931e+002 -3.1478733e-003
  2.3913431e+002 -2.5224390e-003
  2.3913931e+002 -1.4217036e-003
  2.3914430e+002 -8.7770096e-005
  2.3914930e+002  1.4660396e-003
  2.3915430e+002  3.3674326e-003
  2.3915930e+002  5.4730792e-003
  2.3916430e+002  7.6262790e-003
  2.3916929e+002  1.0311606e-002
  2.3917429e+002  1.3384071e-002
  2.3917929e+002  1.7270966e-002
  2.3918429e+002  2.1062826e-002
  2.3918929e+002  2.4932378e-002
  2.3919428e+002  2.9643587e-002
  2.3919928e+002  3.5367846e-002
  2.3920428e+002  4.1106367e-002
  2.3920928e+002  4.7766951e-002
  2.3921428e+002  5.4873792e-002
  2.3921927e+002  6.1331584e-002
  2.3922427e+002  6.8156370e-002
  2.3922927e+002  7.5359210e-002
  2.3923427e+002  8.1899972e-002
  2.3923927e+002  8.8451192e-002
  2.3924426e+002  9.4266636e-002
  2.3924926e+002  1.0068033e-001
  2.3925426e+002  1.0553025e-001
  2.3925926e+002  1.0980225e-001
  2.3926426e+002  1.1356317e-001
  2.3926925e+002  1.1699228e-001
  2.3927425e+002  1.2044537e-001
  2.3927925e+002  1.2376450e-001
  2.3928425e+002  1.2605505e-001
  2.3928925e+002  1.2870396e-001
  2.3929424e+002  1.2866203e-001
  2.3929924e+002  1.3140663e-001
  2.3930424e+002  1.2960437e-001
  2.3930924e+002  1.2997363e-001
  2.3931424e+002  1.3010167e-001
  2.3931923e+002  1.3009833e-001
  2.3932423e+002  1.2401780e-001
  2.3932923e+002  1.2468369e-001
  2.3933423e+002  1.2124461e-001
  2.3933923e+002  1.1691965e-001
  2.3934422e+002  1.1486002e-001
  2.3934922e+002  1.0301070e-001
  2.3935422e+002  1.0398831e-001
  2.3935922e+002  9.9482420e-002
  2.3936422e+002  8.4640001e-002
  2.3936921e+002  8.4289660e-002
  2.3937421e+002  8.0058812e-002
  2.3937921e+002  7.1744931e-002
  2.3938421e+002  6.7845282e-002
  2.3938921e+002  6.1013643e-002
  2.3939420e+002  5.5474931e-002
  2.3939920e+002  5.1047595e-002
  2.3940420e+002  4.1326705e-002
  2.3940920e+002  3.9414258e-002
  2.3941420e+002  3.6841534e-002
  2.3941919e+002  2.9451177e-002
  2.3942419e+002  2.6441367e-002
  2.3942919e+002  2.5711948e-002
  2.3943419e+002  2.1017544e-002
  2.3943919e+002  1.5820540e-002
  2.3944418e+002  1.4255902e-002
  2.3944918e+002  1.1616109e-002
  2.3945418e+002  1.1559482e-002
  2.3945918e+002  1.0014576e-002
  2.3946418e+002  1.0604623e-002
  2.3946917e+002  9.3395756e-003
  2.3947417e+002  9.4364788e-003
  2.3947917e+002  9.9565912e-003
  2.3948417e+002  1.2972134e-002
  2.3948917e+002  1.2202143e-002
  2.3949416e+002  1.3119996e-002
  2.3949916e+002  1.3261531e-002
  2.3950416e+002  1.4036582e-002
  2.3950916e+002  1.3422646e-002
  2.3951416e+002  1.5396853e-002
  2.3951915e+002  1.4250642e-002
  2.3952415e+002  1.9124160e-002
  2.3952915e+002  2.0466035e-002
  2.3953415e+002  2.7243063e-002
  2.3953915e+002  2.9596397e-002
  2.3954414e+002  3.7173875e-002
  2.3954914e+002  3.9459282e-002
  2.3955414e+002  4.4732138e-002
  2.3955914e+002  4.9058627e-002
  2.3956414e+002  5.2258328e-002
  2.3956913e+002  6.0096064e-002
  2.3957413e+002  6.2223195e-002
  2.3957913e+002  6.9149021e-002
  2.3958413e+002  7.4240435e-002
  2.3958913e+002  7.6625296e-002
  2.3959412e+002  8.4494510e-002
  2.3959912e+002  8.8305388e-002
  2.3960412e+002  9.1029266e-002
  2.3960912e+002  9.8426582e-002
  2.3961412e+002  1.0185064e-001
  2.3961911e+002  1.0353715e-001
  2.3962411e+002  1.0673794e-001
  2.3962911e+002  1.0942096e-001
  2.3963411e+002  1.0945554e-001
  2.3963911e+002  1.1008699e-001
  2.3964410e+002  1.1156835e-001
  2.3964910e+002  1.1331426e-001
  2.3965410e+002  1.1274032e-001
  2.3965910e+002  1.1126700e-001
  2.3966410e+002  1.0912086e-001
  2.3966909e+002  1.0807335e-001
  2.3967409e+002  1.0745322e-001
  2.3967909e+002  1.0684512e-001
  2.3968409e+002  1.0549597e-001
  2.3968909e+002  1.0351372e-001
  2.3969408e+002  1.0092766e-001
  2.3969908e+002  9.7416542e-002
  2.3970408e+002  9.4310572e-002
  2.3970908e+002  9.0247724e-002
  2.3971408e+002  8.5894036e-002
  2.3971907e+002  8.1634743e-002
  2.3972407e+002  7.6863275e-002
  2.3972907e+002  7.2463896e-002
  2.3973407e+002  6.7572091e-002
  2.3973907e+002  6.2168632e-002
  2.3974406e+002  5.6932935e-002
  2.3974906e+002  5.2404688e-002
  2.3975406e+002  4.7738619e-002
  2.3975906e+002  4.3437002e-002
  2.3976406e+002  3.9667303e-002
  2.3976905e+002  3.6150642e-002
  2.3977405e+002  3.2774335e-002
  2.3977905e+002  2.9364595e-002
  2.3978405e+002  2.6015320e-002
  2.3978905e+002  2.3292331e-002
  2.3979404e+002  2.0236994e-002
  2.3979904e+002  1.6933763e-002
  2.3980404e+002  1.4561876e-002
  2.3980904e+002  1.1486204e-002
  2.3981404e+002  8.9389580e-003
  2.3981903e+002  6.3762480e-003
  2.3982403e+002  4.0366374e-003
  2.3982903e+002  2.2386294e-003
  2.3983403e+002  7.7628766e-004
  2.3983903e+002 -1.5755907e-005
  2.3984402e+002  1.6804958e-004
  2.3984902e+002  1.0734151e-003
  2.3985402e+002  2.9467297e-003
  2.3985902e+002  5.7979432e-003
  2.3986402e+002  9.3521122e-003
  2.3986901e+002  1.3392659e-002
  2.3987401e+002  1.7834327e-002
  2.3987901e+002  2.2533193e-002
  2.3988401e+002  2.7224776e-002
  2.3988901e+002  3.1982741e-002
  2.3989400e+002  3.7080951e-002
  2.3989900e+002  4.1738342e-002
  2.3990400e+002  4.6693272e-002
  2.3990900e+002  5.1676121e-002
  2.3991400e+002  5.6159840e-002
  2.3991899e+002  6.1087283e-002
  2.3992399e+002  6.5895333e-002
  2.3992899e+002  7.0314791e-002
  2.3993399e+002  7.5272553e-002
  2.3993899e+002  8.0090502e-002
  2.3994398e+002  8.4960225e-002
  2.3994898e+002  8.9596649e-002
  2.3995398e+002  9.3789739e-002
  2.3995898e+002  9.7877132e-002
  2.3996398e+002  1.0107627e-001
  2.3996897e+002  1.0360422e-001
  2.3997397e+002  1.0593784e-001
  2.3997897e+002  1.0741813e-001
  2.3998397e+002  1.0792852e-001
  2.3998897e+002  1.0771305e-001
  2.3999396e+002  1.0710202e-001
  2.3999896e+002  1.0604746e-001
  2.4000396e+002  1.0439807e-001
  2.4000896e+002  1.0287695e-001
  2.4001396e+002  1.0083514e-001
  2.4001895e+002  9.8813587e-002
  2.4002395e+002  9.6619953e-002
  2.4002895e+002  9.4374566e-002
  2.4003395e+002  9.1786805e-002
  2.4003895e+002  8.9098224e-002
  2.4004394e+002  8.6374175e-002
  2.4004894e+002  8.3443442e-002
  2.4005394e+002  7.9732377e-002
  2.4005894e+002  7.6196241e-002
  2.4006394e+002  7.1840908e-002
  2.4006893e+002  6.7757545e-002
  2.4007393e+002  6.3386632e-002
  2.4007893e+002  5.9151211e-002
  2.4008393e+002  5.4587413e-002
  2.4008893e+002  5.0276677e-002
  2.4009392e+002  4.6079291e-002
  2.4009892e+002  4.2097634e-002
  2.4010392e+002  3.8482361e-002
  2.4010892e+002  3.5044051e-002
  2.4011392e+002  3.1680246e-002
  2.4011891e+002  2.8907732e-002
  2.4012391e+002  2.6393764e-002
  2.4012891e+002  2.3786577e-002
  2.4013391e+002  2.1617022e-002
  2.4013891e+002  1.9127256e-002
  2.4014390e+002  1.6916147e-002
  2.4014890e+002  1.5145602e-002
  2.4015390e+002  1.3518325e-002
  2.4015890e+002  1.2531521e-002
  2.4016390e+002  1.1583969e-002
  2.4016889e+002  1.0479830e-002
  2.4017389e+002  9.0337774e-003
  2.4017889e+002  7.3897613e-003
  2.4018389e+002  6.2242883e-003
  2.4018889e+002  5.5343385e-003
  2.4019388e+002  6.6816196e-003
  2.4019888e+002  8.9398738e-003
  2.4020388e+002  1.1526161e-002
  2.4020888e+002  1.4817653e-002
  2.4021388e+002  1.8528539e-002
  2.4021887e+002  2.1923450e-002
  2.4022387e+002  2.5557127e-002
  2.4022887e+002  2.9161529e-002
  2.4023387e+002  3.2442478e-002
  2.4023887e+002  3.6171906e-002
  2.4024386e+002  3.9980470e-002
  2.4024886e+002  4.3510370e-002
  2.4025386e+002  4.8024694e-002
  2.4025886e+002  5.2168682e-002
  2.4026386e+002  5.6282843e-002
  2.4026885e+002  6.0477420e-002
  2.4027385e+002  6.4704498e-002
  2.4027885e+002  6.8923907e-002
  2.4028385e+002  7.3090200e-002
  2.4028885e+002  7.7242841e-002
  2.4029384e+002  8.1744446e-002
  2.4029884e+002  8.6606811e-002
  2.4030384e+002  9.0831596e-002
  2.4030884e+002  9.4697529e-002
  2.4031384e+002  9.8523685e-002
  2.4031883e+002  1.0158446e-001
  2.4032383e+002  1.0375363e-001
  2.4032883e+002  1.0629965e-001
  2.4033383e+002  1.0723615e-001
  2.4033883e+002  1.0810704e-001
  2.4034382e+002  1.0852161e-001
  2.4034882e+002  1.0885033e-001
  2.4035382e+002  1.0808096e-001
  2.4035882e+002  1.0751170e-001
  2.4036382e+002  1.0635789e-001
  2.4036881e+002  1.0526831e-001
  2.4037381e+002  1.0339243e-001
  2.4037881e+002  1.0129719e-001
  2.4038381e+002  9.9359125e-002
  2.4038881e+002  9.6871522e-002
  2.4039380e+002  9.3991924e-002
  2.4039880e+002  9.1257312e-002
  2.4040380e+002  8.8025773e-002
  2.4040880e+002  8.3744398e-002
  2.4041380e+002  7.9719137e-002
  2.4041879e+002  7.5477250e-002
  2.4042379e+002  7.1107657e-002
  2.4042879e+002  6.6466970e-002
  2.4043379e+002  6.1737243e-002
  2.4043879e+002  5.7195009e-002
  2.4044378e+002  5.2315758e-002
  2.4044878e+002  4.7619731e-002
  2.4045378e+002  4.3063711e-002
  2.4045878e+002  3.8313444e-002
  2.4046378e+002  3.3595780e-002
  2.4046877e+002  2.9230046e-002
  2.4047377e+002  2.4976885e-002
  2.4047877e+002  2.0563570e-002
  2.4048377e+002  1.6889217e-002
  2.4048877e+002  1.3248983e-002
  2.4049376e+002  9.8035804e-003
  2.4049876e+002  7.0927175e-003
  2.4050376e+002  4.4895515e-003
  2.4050876e+002  1.5526098e-003
  2.4051376e+002  2.4444892e-004
  2.4051875e+002 -1.1810613e-003
  2.4052375e+002 -1.4249134e-003
  2.4052875e+002 -1.4108528e-003
  2.4053375e+002 -8.6213445e-004
  2.4053875e+002  7.5607459e-004
  2.4054374e+002  3.1167287e-003
  2.4054874e+002  5.5017411e-003
  2.4055374e+002  9.2959030e-003
  2.4055874e+002  1.2679164e-002
  2.4056374e+002  1.6369609e-002
  2.4056873e+002  2.0690684e-002
  2.4057373e+002  2.5481364e-002
  2.4057873e+002  2.9883788e-002
  2.4058373e+002  3.4672255e-002
  2.4058873e+002  3.9861567e-002
  2.4059372e+002  4.4394754e-002
  2.4059872e+002  4.9323338e-002
  2.4060372e+002  5.4561212e-002
  2.4060872e+002  5.9356618e-002
  2.4061372e+002  6.4378409e-002
  2.4061871e+002  6.9128219e-002
  2.4062371e+002  7.3649202e-002
  2.4062871e+002  7.8546326e-002
  2.4063371e+002  8.2970218e-002
  2.4063871e+002  8.7197688e-002
  2.4064370e+002  9.1426618e-002
  2.4064870e+002  9.5131742e-002
  2.4065370e+002  9.8553084e-002
  2.4065870e+002  1.0211313e-001
  2.4066370e+002  1.0480696e-001
  2.4066869e+002  1.0676942e-001
  2.4067369e+002  1.0872742e-001
  2.4067869e+002  1.0991285e-001
  2.4068369e+002  1.1073104e-001
  2.4068869e+002  1.1171859e-001
  2.4069368e+002  1.1216741e-001
  2.4069868e+002  1.1238798e-001
  2.4070368e+002  1.1256174e-001
  2.4070868e+002  1.1247576e-001
  2.4071368e+002  1.1187175e-001
  2.4071867e+002  1.1060687e-001
  2.4072367e+002  1.0938493e-001
  2.4072867e+002  1.0820095e-001
  2.4073367e+002  1.0784103e-001
  2.4073867e+002  1.0784663e-001
  2.4074366e+002  1.0797219e-001
  2.4074866e+002  1.0722551e-001
  2.4075366e+002  1.0376122e-001
  2.4075866e+002  9.8495757e-002
  2.4076366e+002  9.5223337e-002
  2.4076865e+002  9.3965768e-002
  2.4077365e+002  8.9424938e-002
  2.4077865e+002  8.4432388e-002
  2.4078365e+002  7.9760132e-002
  2.4078865e+002  7.5485547e-002
  2.4079364e+002  7.2309649e-002
  2.4079864e+002  6.7099414e-002
  2.4080364e+002  6.3724530e-002
  2.4080864e+002  6.0332616e-002
  2.4081364e+002  5.5659186e-002
  2.4081863e+002  5.2553704e-002
  2.4082363e+002  4.6940168e-002
  2.4082863e+002  4.4878154e-002
  2.4083363e+002  3.8887585e-002
  2.4083863e+002  3.6508466e-002
  2.4084362e+002  3.1297277e-002
  2.4084862e+002  2.8673283e-002
  2.4085362e+002  2.5973980e-002
  2.4085862e+002  2.3032932e-002
  2.4086362e+002  2.1207344e-002
  2.4086861e+002  1.8056962e-002
  2.4087361e+002  1.5042185e-002
  2.4087861e+002  1.3293569e-002
  2.4088361e+002  1.1156566e-002
  2.4088861e+002  1.0508176e-002
  2.4089360e+002  1.2064369e-002
  2.4089860e+002  1.0103207e-002
  2.4090360e+002  1.2583045e-002
  2.4090860e+002  1.3910631e-002
  2.4091360e+002  1.6079369e-002
  2.4091859e+002  1.9142425e-002
  2.4092359e+002  2.3202514e-002
  2.4092859e+002  2.8431161e-002
  2.4093359e+002  3.2385767e-002
  2.4093859e+002  3.9989339e-002
  2.4094358e+002  4.3966911e-002
  2.4094858e+002  4.9970147e-002
  2.4095358e+002  5.4824151e-002
  2.4095858e+002  5.8916481e-002
  2.4096358e+002  6.2788648e-002
  2.4096857e+002  6.6040916e-002
  2.4097357e+002  7.2830171e-002
  2.4097857e+002  7.8449055e-002
  2.4098357e+002  8.7103658e-002
  2.4098857e+002  8.9729097e-002
  2.4099356e+002  9.2063861e-002
  2.4099856e+002  9.4612044e-002
  2.4100356e+002  9.8610255e-002
  2.4100856e+002  1.0339965e-001
  2.4101356e+002  1.0891622e-001
  2.4101855e+002  1.1445244e-001
  2.4102355e+002  1.1458298e-001
  2.4102855e+002  1.1684799e-001
  2.4103355e+002  1.1798894e-001
  2.4103855e+002  1.2235506e-001
  2.4104354e+002  1.2815328e-001
  2.4104854e+002  1.2524617e-001
  2.4105354e+002  1.2137980e-001
  2.4105854e+002  1.2259855e-001
  2.4106354e+002  1.2274785e-001
  2.4106853e+002  1.2272779e-001
  2.4107353e+002  1.2124377e-001
  2.4107853e+002  1.1683189e-001
  2.4108353e+002  1.1361979e-001
  2.4108853e+002  1.1077220e-001
  2.4109352e+002  1.0910810e-001
  2.4109852e+002  1.0744915e-001
  2.4110352e+002  1.0314920e-001
  2.4110852e+002  9.9283644e-002
  2.4111352e+002  9.6588145e-002
  2.4111851e+002  9.2988114e-002
  2.4112351e+002  8.9973647e-002
  2.4112851e+002  8.3317210e-002
  2.4113351e+002  7.6154227e-002
  2.4113851e+002  6.9759935e-002
  2.4114350e+002  6.3321260e-002
  2.4114850e+002  5.9332876e-002
  2.4115350e+002  5.4954073e-002
  2.4115850e+002  5.0749584e-002
  2.4116350e+002  4.4204154e-002
  2.4116849e+002  3.6480034e-002
  2.4117349e+002  3.0316108e-002
  2.4117849e+002  2.4733458e-002
  2.4118349e+002  2.1577347e-002
  2.4118849e+002  2.0232812e-002
  2.4119348e+002  1.7232393e-002
  2.4119848e+002  1.3974384e-002
  2.4120348e+002  1.0999367e-002
  2.4120848e+002  7.9923790e-003
  2.4121348e+002  5.9589588e-003
  2.4121847e+002  5.2626201e-003
  2.4122347e+002  4.8150913e-003
  2.4122847e+002  4.9590956e-003
  2.4123347e+002  6.2840312e-003
  2.4123847e+002  7.5343270e-003
  2.4124346e+002  9.4913945e-003
  2.4124846e+002  1.1423303e-002
  2.4125346e+002  1.2844155e-002
  2.4125846e+002  1.4971234e-002
  2.4126346e+002  1.6988766e-002
  2.4126845e+002  1.9557943e-002
  2.4127345e+002  2.2524127e-002
  2.4127845e+002  2.5946926e-002
  2.4128345e+002  2.9737666e-002
  2.4128845e+002  3.3706439e-002
  2.4129344e+002  3.7660828e-002
  2.4129844e+002  4.1794740e-002
  2.4130344e+002  4.6953459e-002
  2.4130844e+002  5.1676821e-002
  2.4131344e+002  5.6578079e-002
  2.4131843e+002  6.1396086e-002
  2.4132343e+002  6.5542083e-002
  2.4132843e+002  6.9857263e-002
  2.4133343e+002  7.3953488e-002
  2.4133843e+002  7.8291548e-002
  2.4134342e+002  8.2548679e-002
  2.4134842e+002  8.6555274e-002
  2.4135342e+002  9.0944214e-002
  2.4135842e+002  9.4685125e-002
  2.4136342e+002  9.9124267e-002
  2.4136841e+002  1.0280281e-001
  2.4137341e+002  1.0662257e-001
  2.4137841e+002  1.1047421e-001
  2.4138341e+002  1.1366144e-001
  2.4138841e+002  1.1713318e-001
  2.4139340e+002  1.1991763e-001
  2.4139840e+002  1.2247792e-001
  2.4140340e+002  1.2493385e-001
  2.4140840e+002  1.2678962e-001
  2.4141340e+002  1.2810364e-001
  2.4141839e+002  1.2883840e-001
  2.4142339e+002  1.2871494e-001
  2.4142839e+002  1.2878741e-001
  2.4143339e+002  1.2767864e-001
  2.4143839e+002  1.2623322e-001
  2.4144338e+002  1.2446930e-001
  2.4144838e+002  1.2180575e-001
  2.4145338e+002  1.1875737e-001
  2.4145838e+002  1.1503003e-001
  2.4146338e+002  1.1124474e-001
  2.4146837e+002  1.0678575e-001
  2.4147337e+002  1.0221123e-001
  2.4147837e+002  9.7685320e-002
  2.4148337e+002  9.2603913e-002
  2.4148837e+002  8.7165407e-002
  2.4149336e+002  8.2027539e-002
  2.4149836e+002  7.6466312e-002
  2.4150336e+002  7.1287143e-002
  2.4150836e+002  6.5739395e-002
  2.4151336e+002  6.0547769e-002
  2.4151835e+002  5.5493407e-002
  2.4152335e+002  5.0673416e-002
  2.4152835e+002  4.5740886e-002
  2.4153335e+002  4.1214074e-002
  2.4153835e+002  3.6968501e-002
  2.4154334e+002  3.3030026e-002
  2.4154834e+002  2.9014138e-002
  2.4155334e+002  2.5783026e-002
  2.4155834e+002  2.2675768e-002
  2.4156334e+002  1.9651898e-002
  2.4156833e+002  1.7310106e-002
  2.4157333e+002  1.5358511e-002
  2.4157833e+002  1.3465029e-002
  2.4158333e+002  1.2461232e-002
  2.4158833e+002  1.1888676e-002
  2.4159332e+002  1.1550451e-002
  2.4159832e+002  1.1902997e-002
  2.4160332e+002  1.2719424e-002
  2.4160832e+002  1.4024974e-002
  2.4161332e+002  1.5359049e-002
  2.4161831e+002  1.7532022e-002
  2.4162331e+002  1.9945104e-002
  2.4162831e+002  2.2943009e-002
  2.4163331e+002  2.6458707e-002
  2.4163831e+002  2.9938317e-002
  2.4164330e+002  3.3712710e-002
  2.4164830e+002  3.7708286e-002
  2.4165330e+002  4.2288363e-002
  2.4165830e+002  4.6720603e-002
  2.4166330e+002  5.1750298e-002
  2.4166829e+002  5.6723756e-002
  2.4167329e+002  6.2002939e-002
  2.4167829e+002  6.7366483e-002
  2.4168329e+002  7.2156720e-002
  2.4168829e+002  7.7335197e-002
  2.4169328e+002  8.2454216e-002
  2.4169828e+002  8.7048367e-002
  2.4170328e+002  9.1534664e-002
  2.4170828e+002  9.5976701e-002
  2.4171328e+002  9.9785605e-002
  2.4171827e+002  1.0365795e-001
  2.4172327e+002  1.0736685e-001
  2.4172827e+002  1.1040513e-001
  2.4173327e+002  1.1337158e-001
  2.4173827e+002  1.1607007e-001
  2.4174326e+002  1.1843740e-001
  2.4174826e+002  1.2064445e-001
  2.4175326e+002  1.2244880e-001
  2.4175826e+002  1.2390921e-001
  2.4176326e+002  1.2504470e-001
  2.4176825e+002  1.2580442e-001
  2.4177325e+002  1.2600693e-001
  2.4177825e+002  1.2612253e-001
  2.4178325e+002  1.2572638e-001
  2.4178825e+002  1.2480305e-001
  2.4179324e+002  1.2354826e-001
  2.4179824e+002  1.2175590e-001
  2.4180324e+002  1.1953004e-001
  2.4180824e+002  1.1690822e-001
  2.4181324e+002  1.1375652e-001
  2.4181823e+002  1.1060606e-001
  2.4182323e+002  1.0682595e-001
  2.4182823e+002  1.0285441e-001
  2.4183323e+002  9.8792522e-002
  2.4183823e+002  9.4526192e-002
  2.4184322e+002  9.0041724e-002
  2.4184822e+002  8.5205805e-002
  2.4185322e+002  8.0555113e-002
  2.4185822e+002  7.5545275e-002
  2.4186322e+002  7.0676250e-002
  2.4186821e+002  6.5724514e-002
  2.4187321e+002  6.0996141e-002
  2.4187821e+002  5.6194556e-002
  2.4188321e+002  5.1627307e-002
  2.4188821e+002  4.7438584e-002
  2.4189320e+002  4.3663701e-002
  2.4189820e+002  3.9813393e-002
  2.4190320e+002  3.6330612e-002
  2.4190820e+002  3.3548386e-002
  2.4191320e+002  3.1197141e-002
  2.4191819e+002  2.8392206e-002
  2.4192319e+002  2.6249051e-002
  2.4192819e+002  2.4768579e-002
  2.4193319e+002  2.3281620e-002
  2.4193819e+002  2.1789999e-002
  2.4194318e+002  2.0973375e-002
  2.4194818e+002  2.0152212e-002
  2.4195318e+002  1.9464420e-002
  2.4195818e+002  1.9057439e-002
  2.4196318e+002  1.8786513e-002
  2.4196817e+002  1.9132687e-002
  2.4197317e+002  1.9731351e-002
  2.4197817e+002  2.0904478e-002
  2.4198317e+002  2.2023319e-002
  2.4198817e+002  2.3228676e-002
  2.4199316e+002  2.4742143e-002
  2.4199816e+002  2.6803857e-002
  2.4200316e+002  2.9525654e-002
  2.4200816e+002  3.2849512e-002
  2.4201316e+002  3.6670033e-002
  2.4201815e+002  4.0301349e-002
  2.4202315e+002  4.4249481e-002
  2.4202815e+002  4.8780508e-002
  2.4203315e+002  5.4181157e-002
  2.4203815e+002  5.9868505e-002
  2.4204314e+002  6.4822245e-002
  2.4204814e+002  6.9840434e-002
  2.4205314e+002  7.4729330e-002
  2.4205814e+002  7.9418392e-002
  2.4206314e+002  8.6011559e-002
  2.4206813e+002  9.1160810e-002
  2.4207313e+002  9.5869706e-002
  2.4207813e+002  1.0023883e-001
  2.4208313e+002  1.0626173e-001
  2.4208813e+002  1.1128505e-001
  2.4209312e+002  1.1480445e-001
  2.4209812e+002  1.1793922e-001
  2.4210312e+002  1.2025692e-001
  2.4210812e+002  1.2257250e-001
  2.4211312e+002  1.2359120e-001
  2.4211811e+002  1.2489307e-001
  2.4212311e+002  1.2633417e-001
  2.4212811e+002  1.2657481e-001
  2.4213311e+002  1.2651040e-001
  2.4213811e+002  1.2491829e-001
  2.4214310e+002  1.2112832e-001
  2.4214810e+002  1.1749194e-001
  2.4215310e+002  1.1589834e-001
  2.4215810e+002  1.1646005e-001
  2.4216310e+002  1.1695629e-001
  2.4216809e+002  1.1599464e-001
  2.4217309e+002  1.1351271e-001
  2.4217809e+002  1.0936003e-001
  2.4218309e+002  1.0511554e-001
  2.4218809e+002  1.0070833e-001
  2.4219308e+002  9.5884167e-002
  2.4219808e+002  9.0897053e-002
  2.4220308e+002  8.5912615e-002
  2.4220808e+002  8.1131304e-002
  2.4221308e+002  7.6773581e-002
  2.4221807e+002  7.2282884e-002
  2.4222307e+002  6.8383885e-002
  2.4222807e+002  6.4203522e-002
  2.4223307e+002  6.0506232e-002
  2.4223807e+002  5.6792191e-002
  2.4224306e+002  5.3382135e-002
  2.4224806e+002  5.0614856e-002
  2.4225306e+002  4.7655851e-002
  2.4225806e+002  4.5084179e-002
  2.4226306e+002  4.2232128e-002
  2.4226805e+002  3.9580741e-002
  2.4227305e+002  3.6839439e-002
  2.4227805e+002  3.4499234e-002
  2.4228305e+002  3.2164402e-002
  2.4228805e+002  3.0285595e-002
  2.4229304e+002  2.8846027e-002
  2.4229804e+002  2.7870493e-002
  2.4230304e+002  2.7450427e-002
  2.4230804e+002  2.7499961e-002
  2.4231304e+002  2.7630680e-002
  2.4231803e+002  2.8409840e-002
  2.4232303e+002  2.9279437e-002
  2.4232803e+002  3.0601080e-002
  2.4233303e+002  3.2182057e-002
  2.4233803e+002  3.4140554e-002
  2.4234302e+002  3.6339937e-002
  2.4234802e+002  3.9061243e-002
  2.4235302e+002  4.1631505e-002
  2.4235802e+002  4.4440076e-002
  2.4236302e+002  4.7256348e-002
  2.4236801e+002  4.9995088e-002
  2.4237301e+002  5.2452688e-002
  2.4237801e+002  5.5182750e-002
  2.4238301e+002  5.7529317e-002
  2.4238801e+002  6.0141672e-002
  2.4239300e+002  6.2934674e-002
  2.4239800e+002  6.5875005e-002
  2.4240300e+002  6.9054318e-002
  2.4240800e+002  7.2269071e-002
  2.4241300e+002  7.5683125e-002
  2.4241799e+002  7.9466757e-002
  2.4242299e+002  8.2376369e-002
  2.4242799e+002  8.5559168e-002
  2.4243299e+002  8.8492395e-002
  2.4243799e+002  9.1135797e-002
  2.4244298e+002  9.3552233e-002
  2.4244798e+002  9.5805260e-002
  2.4245298e+002  9.7574327e-002
  2.4245798e+002  9.9564900e-002
  2.4246298e+002  1.0106815e-001
  2.4246797e+002  1.0227571e-001
  2.4247297e+002  1.0327007e-001
  2.4247797e+002  1.0393308e-001
  2.4248297e+002  1.0430742e-001
  2.4248797e+002  1.0436910e-001
  2.4249296e+002  1.0422980e-001
  2.4249796e+002  1.0394163e-001
  2.4250296e+002  1.0346249e-001
  2.4250796e+002  1.0237257e-001
  2.4251296e+002  1.0098159e-001
  2.4251795e+002  1.0000108e-001
  2.4252295e+002  9.8054032e-002
  2.4252795e+002  9.6041784e-002
  2.4253295e+002  9.3745854e-002
  2.4253795e+002  9.1506234e-002
  2.4254294e+002  8.8967911e-002
  2.4254794e+002  8.5827660e-002
  2.4255294e+002  8.2912254e-002
  2.4255794e+002  7.9618036e-002
  2.4256294e+002  7.6175493e-002
  2.4256793e+002  7.3118433e-002
  2.4257293e+002  6.9841899e-002
  2.4257793e+002  6.6419237e-002
  2.4258293e+002  6.3332453e-002
  2.4258793e+002  5.9796554e-002
  2.4259292e+002  5.6784174e-002
  2.4259792e+002  5.3720435e-002
  2.4260292e+002  5.0697733e-002
  2.4260792e+002  4.8461046e-002
  2.4261292e+002  4.5858058e-002
  2.4261791e+002  4.3349715e-002
  2.4262291e+002  4.1414515e-002
  2.4262791e+002  3.9169778e-002
  2.4263291e+002  3.7097132e-002
  2.4263791e+002  3.5391130e-002
  2.4264290e+002  3.3756672e-002
  2.4264790e+002  3.2290884e-002
  2.4265290e+002  3.0973211e-002
  2.4265790e+002  2.9892135e-002
  2.4266290e+002  2.9042865e-002
  2.4266789e+002  2.8235930e-002
  2.4267289e+002  2.7757531e-002
  2.4267789e+002  2.7940682e-002
  2.4268289e+002  2.8295406e-002
  2.4268789e+002  2.8604714e-002
  2.4269288e+002  2.9446711e-002
  2.4269788e+002  3.0964533e-002
  2.4270288e+002  3.2401304e-002
  2.4270788e+002  3.4737422e-002
  2.4271288e+002  3.6808624e-002
  2.4271787e+002  3.9572161e-002
  2.4272287e+002  4.2484259e-002
  2.4272787e+002  4.5198518e-002
  2.4273287e+002  4.8732737e-002
  2.4273787e+002  5.2111983e-002
  2.4274286e+002  5.5638387e-002
  2.4274786e+002  5.9350931e-002
  2.4275286e+002  6.2900489e-002
  2.4275786e+002  6.6877983e-002
  2.4276286e+002  7.0185311e-002
  2.4276785e+002  7.3892476e-002
  2.4277285e+002  7.7369889e-002
  2.4277785e+002  8.0632796e-002
  2.4278285e+002  8.3546886e-002
  2.4278785e+002  8.6316964e-002
  2.4279284e+002  8.9212287e-002
  2.4279784e+002  9.1506887e-002
  2.4280284e+002  9.3848426e-002
  2.4280784e+002  9.5777596e-002
  2.4281284e+002  9.7705568e-002
  2.4281783e+002  9.9146740e-002
  2.4282283e+002  1.0080085e-001
  2.4282783e+002  1.0142243e-001
  2.4283283e+002  1.0196795e-001
  2.4283783e+002  1.0247889e-001
  2.4284282e+002  1.0241722e-001
  2.4284782e+002  1.0229375e-001
  2.4285282e+002  1.0149568e-001
  2.4285782e+002  1.0054393e-001
  2.4286282e+002  9.9538520e-002
  2.4286781e+002  9.8323025e-002
  2.4287281e+002  9.7020197e-002
  2.4287781e+002  9.5743811e-002
  2.4288281e+002  9.4094431e-002
  2.4288781e+002  9.2575610e-002
  2.4289280e+002  9.1091452e-002
  2.4289780e+002  8.8981838e-002
  2.4290280e+002  8.6854530e-002
  2.4290780e+002  8.4877671e-002
  2.4291280e+002  8.2825786e-002
  2.4291779e+002  8.0083788e-002
  2.4292279e+002  7.7419690e-002
  2.4292779e+002  7.5068203e-002
  2.4293279e+002  7.1779028e-002
  2.4293779e+002  6.8999400e-002
  2.4294278e+002  6.6511133e-002
  2.4294778e+002  6.3813747e-002
  2.4295278e+002  6.0714378e-002
  2.4295778e+002  5.8224689e-002
  2.4296278e+002  5.5673375e-002
  2.4296777e+002  5.3627063e-002
  2.4297277e+002  5.1268608e-002
  2.4297777e+002  4.9528257e-002
  2.4298277e+002  4.7661075e-002
  2.4298777e+002  4.5943817e-002
  2.4299276e+002  4.4601797e-002
  2.4299776e+002  4.3031868e-002
  2.4300276e+002  4.1761389e-002
  2.4300776e+002  4.0689358e-002
  2.4301276e+002  3.9557234e-002
  2.4301775e+002  3.9001069e-002
  2.4302275e+002  3.8532609e-002
  2.4302775e+002  3.8371875e-002
  2.4303275e+002  3.8094460e-002
  2.4303775e+002  3.7929264e-002
  2.4304274e+002  3.8426345e-002
  2.4304774e+002  3.9045350e-002
  2.4305274e+002  4.0335682e-002
  2.4305774e+002  4.1982651e-002
  2.4306274e+002  4.3768220e-002
  2.4306773e+002  4.5699053e-002
  2.4307273e+002  4.7780443e-002
  2.4307773e+002  4.9704422e-002
  2.4308273e+002  5.1473325e-002
  2.4308773e+002  5.3791289e-002
  2.4309272e+002  5.5862690e-002
  2.4309772e+002  5.7943511e-002
  2.4310272e+002  6.0093819e-002
  2.4310772e+002  6.2202026e-002
  2.4311272e+002  6.4442464e-002
  2.4311771e+002  6.6416370e-002
  2.4312271e+002  6.8410837e-002
  2.4312771e+002  7.0687987e-002
  2.4313271e+002  7.3059951e-002
  2.4313771e+002  7.4546168e-002
  2.4314270e+002  7.6704472e-002
  2.4314770e+002  7.8434435e-002
  2.4315270e+002  7.9926386e-002
  2.4315770e+002  8.1341755e-002
  2.4316270e+002  8.2801060e-002
  2.4316769e+002  8.3563389e-002
  2.4317269e+002  8.4328149e-002
  2.4317769e+002  8.4647798e-002
  2.4318269e+002  8.4960927e-002
  2.4318769e+002  8.4961186e-002
  2.4319268e+002  8.4821357e-002
  2.4319768e+002  8.4485758e-002
  2.4320268e+002  8.3841508e-002
  2.4320768e+002  8.3180639e-002
  2.4321268e+002  8.2517167e-002
  2.4321767e+002  8.1389356e-002
  2.4322267e+002  8.0648489e-002
  2.4322767e+002  7.9557963e-002
  2.4323267e+002  7.8369464e-002
  2.4323767e+002  7.7126006e-002
  2.4324266e+002  7.5979108e-002
  2.4324766e+002  7.4403336e-002
  2.4325266e+002  7.2425949e-002
  2.4325766e+002  7.0745345e-002
  2.4326266e+002  6.8718306e-002
  2.4326765e+002  6.6239730e-002
  2.4327265e+002  6.4264087e-002
  2.4327765e+002  6.2116744e-002
  2.4328265e+002  5.9606710e-002
  2.4328765e+002  5.7415354e-002
  2.4329264e+002  5.5379179e-002
  2.4329764e+002  5.2677432e-002
  2.4330264e+002  5.0267236e-002
  2.4330764e+002  4.8350356e-002
  2.4331264e+002  4.6793986e-002
  2.4331763e+002  4.5274750e-002
  2.4332263e+002  4.3339660e-002
  2.4332763e+002  4.2249079e-002
  2.4333263e+002  4.1366648e-002
  2.4333763e+002  4.0308047e-002
  2.4334262e+002  3.9843525e-002
  2.4334762e+002  3.9163013e-002
  2.4335262e+002  3.8480073e-002
  2.4335762e+002  3.8727842e-002
  2.4336262e+002  3.8349852e-002
  2.4336761e+002  3.8431735e-002
  2.4337261e+002  3.8580741e-002
  2.4337761e+002  3.9022271e-002
  2.4338261e+002  3.9647138e-002
  2.4338761e+002  4.0213316e-002
  2.4339260e+002  4.1166436e-002
  2.4339760e+002  4.3191507e-002
  2.4340260e+002  4.4392962e-002
  2.4340760e+002  4.6347093e-002
  2.4341260e+002  4.8592726e-002
  2.4341759e+002  5.0757435e-002
  2.4342259e+002  5.2697940e-002
  2.4342759e+002  5.5303290e-002
  2.4343259e+002  5.7268875e-002
  2.4343759e+002  5.9467270e-002
  2.4344258e+002  6.1582273e-002
  2.4344758e+002  6.3634965e-002
  2.4345258e+002  6.5216758e-002
  2.4345758e+002  6.7288500e-002
  2.4346258e+002  6.8544524e-002
  2.4346757e+002  7.0088654e-002
  2.4347257e+002  7.1591963e-002
  2.4347757e+002  7.2996416e-002
  2.4348257e+002  7.4664218e-002
  2.4348757e+002  7.6334553e-002
  2.4349256e+002  7.7949683e-002
  2.4349756e+002  7.9237925e-002
  2.4350256e+002  8.0813102e-002
  2.4350756e+002  8.1668021e-002
  2.4351256e+002  8.3008165e-002
  2.4351755e+002  8.3507456e-002
  2.4352255e+002  8.4060993e-002
  2.4352755e+002  8.4287911e-002
  2.4353255e+002  8.4037392e-002
  2.4353755e+002  8.3589649e-002
  2.4354254e+002  8.2833734e-002
  2.4354754e+002  8.1798628e-002
  2.4355254e+002  8.0671353e-002
  2.4355754e+002  7.9249989e-002
  2.4356254e+002  7.7562612e-002
  2.4356753e+002  7.5755571e-002
  2.4357253e+002  7.3940945e-002
  2.4357753e+002  7.2291437e-002
  2.4358253e+002  7.0492006e-002
  2.4358753e+002  6.8770675e-002
  2.4359252e+002  6.7356852e-002
  2.4359752e+002  6.5707395e-002
  2.4360252e+002  6.3243278e-002
  2.4360752e+002  6.1490522e-002
  2.4361252e+002  5.8886273e-002
  2.4361751e+002  5.6659568e-002
  2.4362251e+002  5.4547148e-002
  2.4362751e+002  5.1887408e-002
  2.4363251e+002  4.9067621e-002
  2.4363751e+002  4.6856344e-002
  2.4364250e+002  4.4534402e-002
  2.4364750e+002  4.2077222e-002
  2.4365250e+002  3.9989625e-002
  2.4365750e+002  3.8806748e-002
  2.4366250e+002  3.7043471e-002
  2.4366749e+002  3.6109707e-002
  2.4367249e+002  3.5146331e-002
  2.4367749e+002  3.4504553e-002
  2.4368249e+002  3.3984916e-002
  2.4368749e+002  3.4291991e-002
  2.4369248e+002  3.3753721e-002
  2.4369748e+002  3.4808078e-002
  2.4370248e+002  3.4806083e-002
  2.4370748e+002  3.5056166e-002
  2.4371248e+002  3.5918100e-002
  2.4371747e+002  3.6510955e-002
  2.4372247e+002  3.7839727e-002
  2.4372747e+002  3.8851254e-002
  2.4373247e+002  4.0233578e-002
  2.4373747e+002  4.2257080e-002
  2.4374246e+002  4.3768450e-002
  2.4374746e+002  4.6333396e-002
  2.4375246e+002  4.8776001e-002
  2.4375746e+002  5.1422015e-002
  2.4376246e+002  5.4371202e-002
  2.4376745e+002  5.7196501e-002
  2.4377245e+002  5.9991840e-002
  2.4377745e+002  6.2758309e-002
  2.4378245e+002  6.5409493e-002
  2.4378745e+002  6.7734876e-002
  2.4379244e+002  7.0676946e-002
  2.4379744e+002  7.3102713e-002
  2.4380244e+002  7.5122477e-002
  2.4380744e+002  7.7076793e-002
  2.4381244e+002  7.9146481e-002
  2.4381743e+002  8.0689550e-002
  2.4382243e+002  8.2168830e-002
  2.4382743e+002  8.3662229e-002
  2.4383243e+002  8.5062533e-002
  2.4383743e+002  8.6266495e-002
  2.4384242e+002  8.7257913e-002
  2.4384742e+002  8.8162116e-002
  2.4385242e+002  8.8651754e-002
  2.4385742e+002  8.9382306e-002
  2.4386242e+002  8.9868426e-002
  2.4386741e+002  9.0315442e-002
  2.4387241e+002  9.0087519e-002
  2.4387741e+002  8.9979172e-002
  2.4388241e+002  8.9319362e-002
  2.4388741e+002  8.8370291e-002
  2.4389240e+002  8.7260075e-002
  2.4389740e+002  8.5978727e-002
  2.4390240e+002  8.4380635e-002
  2.4390740e+002  8.2289043e-002
  2.4391240e+002  8.0542732e-002
  2.4391739e+002  7.7995412e-002
  2.4392239e+002  7.5875709e-002
  2.4392739e+002  7.3526399e-002
  2.4393239e+002  7.1130191e-002
  2.4393739e+002  6.9005124e-002
  2.4394238e+002  6.6979940e-002
  2.4394738e+002  6.4590296e-002
  2.4395238e+002  6.2453343e-002
  2.4395738e+002  6.0171287e-002
  2.4396238e+002  5.7758183e-002
  2.4396737e+002  5.5797377e-002
  2.4397237e+002  5.3485333e-002
  2.4397737e+002  5.0802321e-002
  2.4398237e+002  4.7904329e-002
  2.4398737e+002  4.5934037e-002
  2.4399236e+002  4.3295563e-002
  2.4399736e+002  4.0869189e-002
  2.4400236e+002  3.8648102e-002
  2.4400736e+002  3.6894078e-002
  2.4401236e+002  3.4780201e-002
  2.4401735e+002  3.3568694e-002
  2.4402235e+002  3.2036104e-002
  2.4402735e+002  3.0778760e-002
  2.4403235e+002  2.9943978e-002
  2.4403735e+002  2.9538240e-002
  2.4404234e+002  2.8826575e-002
  2.4404734e+002  2.8836295e-002
  2.4405234e+002  2.9101792e-002
  2.4405734e+002  2.9667667e-002
  2.4406234e+002  3.0372971e-002
  2.4406733e+002  3.1571975e-002
  2.4407233e+002  3.2526567e-002
  2.4407733e+002  3.4351975e-002
  2.4408233e+002  3.5838026e-002
  2.4408733e+002  3.8181886e-002
  2.4409232e+002  4.0256648e-002
  2.4409732e+002  4.3281889e-002
  2.4410232e+002  4.6267099e-002
  2.4410732e+002  4.9452577e-002
  2.4411232e+002  5.2527174e-002
  2.4411731e+002  5.5816328e-002
  2.4412231e+002  5.8893199e-002
  2.4412731e+002  6.2405511e-002
  2.4413231e+002  6.5456432e-002
  2.4413731e+002  6.8145833e-002
  2.4414230e+002  7.1474688e-002
  2.4414730e+002  7.4344459e-002
  2.4415230e+002  7.7046974e-002
  2.4415730e+002  7.9042465e-002
  2.4416230e+002  8.2159775e-002
  2.4416729e+002  8.4690510e-002
  2.4417229e+002  8.6454169e-002
  2.4417729e+002  8.8433710e-002
  2.4418229e+002  9.0310516e-002
  2.4418729e+002  9.2271369e-002
  2.4419228e+002  9.3784952e-002
  2.4419728e+002  9.4773244e-002
  2.4420228e+002  9.5962021e-002
  2.4420728e+002  9.6889026e-002
  2.4421228e+002  9.7687167e-002
  2.4421727e+002  9.7730922e-002
  2.4422227e+002  9.8100288e-002
  2.4422727e+002  9.7645973e-002
  2.4423227e+002  9.6913114e-002
  2.4423727e+002  9.6223829e-002
  2.4424226e+002  9.5411811e-002
  2.4424726e+002  9.4562342e-002
  2.4425226e+002  9.3186970e-002
  2.4425726e+002  9.1405791e-002
  2.4426226e+002  8.9453670e-002
  2.4426725e+002  8.7245402e-002
  2.4427225e+002  8.4957406e-002
  2.4427725e+002  8.2573869e-002
  2.4428225e+002  7.9889684e-002
  2.4428725e+002  7.6455648e-002
  2.4429224e+002  7.3238866e-002
  2.4429724e+002  6.9542529e-002
  2.4430224e+002  6.5933919e-002
  2.4430724e+002  6.2410358e-002
  2.4431224e+002  5.8948993e-002
  2.4431723e+002  5.5447900e-002
  2.4432223e+002  5.1759639e-002
  2.4432723e+002  4.8081970e-002
  2.4433223e+002  4.5149331e-002
  2.4433723e+002  4.1501921e-002
  2.4434222e+002  3.8219480e-002
  2.4434722e+002  3.5833756e-002
  2.4435222e+002  3.3330683e-002
  2.4435722e+002  3.0951845e-002
  2.4436222e+002  2.8569239e-002
  2.4436721e+002  2.6639657e-002
  2.4437221e+002  2.5216361e-002
  2.4437721e+002  2.3435455e-002
  2.4438221e+002  2.2334078e-002
  2.4438721e+002  2.1578783e-002
  2.4439220e+002  2.0957455e-002
  2.4439720e+002  2.0633347e-002
  2.4440220e+002  2.0867661e-002
  2.4440720e+002  2.1153609e-002
  2.4441220e+002  2.1513068e-002
  2.4441719e+002  2.2586195e-002
  2.4442219e+002  2.3534516e-002
  2.4442719e+002  2.4924204e-002
  2.4443219e+002  2.6776276e-002
  2.4443719e+002  2.8731856e-002
  2.4444218e+002  3.1250014e-002
  2.4444718e+002  3.3490948e-002
  2.4445218e+002  3.6078265e-002
  2.4445718e+002  3.8533788e-002
  2.4446218e+002  4.1680858e-002
  2.4446717e+002  4.4066595e-002
  2.4447217e+002  4.6865148e-002
  2.4447717e+002  5.0156887e-002
  2.4448217e+002  5.3125588e-002
  2.4448717e+002  5.5773303e-002
  2.4449216e+002  5.9256221e-002
  2.4449716e+002  6.2223264e-002
  2.4450216e+002  6.4910128e-002
  2.4450716e+002  6.7838732e-002
  2.4451216e+002  7.0993276e-002
  2.4451715e+002  7.3720837e-002
  2.4452215e+002  7.7160465e-002
  2.4452715e+002  8.0172145e-002
  2.4453215e+002  8.2956383e-002
  2.4453715e+002  8.5986703e-002
  2.4454214e+002  8.8635950e-002
  2.4454714e+002  9.0971370e-002
  2.4455214e+002  9.3343905e-002
  2.4455714e+002  9.4694928e-002
  2.4456214e+002  9.6374853e-002
  2.4456713e+002  9.7932874e-002
  2.4457213e+002  9.8148255e-002
  2.4457713e+002  9.9069030e-002
  2.4458213e+002  9.9637562e-002
  2.4458713e+002  9.9497450e-002
  2.4459212e+002  9.9372844e-002
  2.4459712e+002  9.9031257e-002
  2.4460212e+002  9.7940837e-002
  2.4460712e+002  9.6717350e-002
  2.4461212e+002  9.5746040e-002
  2.4461711e+002  9.3750025e-002
  2.4462211e+002  9.2152856e-002
  2.4462711e+002  8.9954121e-002
  2.4463211e+002  8.7408835e-002
  2.4463711e+002  8.4572338e-002
  2.4464210e+002  8.1446116e-002
  2.4464710e+002  7.8135263e-002
  2.4465210e+002  7.4286021e-002
  2.4465710e+002  7.0439971e-002
  2.4466210e+002  6.6673266e-002
  2.4466709e+002  6.2665299e-002
  2.4467209e+002  5.8952927e-002
  2.4467709e+002  5.4880339e-002
  2.4468209e+002  5.1271405e-002
  2.4468709e+002  4.7273908e-002
  2.4469208e+002  4.3574958e-002
  2.4469708e+002  4.0259854e-002
  2.4470208e+002  3.6981284e-002
  2.4470708e+002  3.4368602e-002
  2.4471208e+002  3.1073827e-002
  2.4471707e+002  2.8660833e-002
  2.4472207e+002  2.5994940e-002
  2.4472707e+002  2.4062712e-002
  2.4473207e+002  2.1945138e-002
  2.4473707e+002  2.0117050e-002
  2.4474206e+002  1.8519385e-002
  2.4474706e+002  1.7652455e-002
  2.4475206e+002  1.7095078e-002
  2.4475706e+002  1.6694598e-002
  2.4476206e+002  1.6568033e-002
  2.4476705e+002  1.7377930e-002
  2.4477205e+002  1.7828330e-002
  2.4477705e+002  1.8786716e-002
  2.4478205e+002  2.0356594e-002
  2.4478705e+002  2.2313873e-002
  2.4479204e+002  2.4119023e-002
  2.4479704e+002  2.6325640e-002
  2.4480204e+002  2.8921766e-002
  2.4480704e+002  3.1201152e-002
  2.4481204e+002  3.3904247e-002
  2.4481703e+002  3.6766331e-002
  2.4482203e+002  3.9648239e-002
  2.4482703e+002  4.2864568e-002
  2.4483203e+002  4.5442558e-002
  2.4483703e+002  4.8742279e-002
  2.4484202e+002  5.2288844e-002
  2.4484702e+002  5.5375127e-002
  2.4485202e+002  5.8988729e-002
  2.4485702e+002  6.3044548e-002
  2.4486202e+002  6.6659221e-002
  2.4486701e+002  7.0192665e-002
  2.4487201e+002  7.4403027e-002
  2.4487701e+002  7.8369435e-002
  2.4488201e+002  8.1868319e-002
  2.4488701e+002  8.5754862e-002
  2.4489200e+002  8.8822961e-002
  2.4489700e+002  9.1380710e-002
  2.4490200e+002  9.4168848e-002
  2.4490700e+002  9.5875730e-002
  2.4491200e+002  9.7323386e-002
  2.4491699e+002  9.8841673e-002
  2.4492199e+002  9.9775871e-002
  2.4492699e+002  1.0038474e-001
  2.4493199e+002  1.0094576e-001
  2.4493699e+002  1.0129160e-001
  2.4494198e+002  1.0150054e-001
  2.4494698e+002  1.0122722e-001
  2.4495198e+002  1.0109442e-001
  2.4495698e+002  1.0074678e-001
  2.4496198e+002  1.0016168e-001
  2.4496697e+002  9.9443277e-002
  2.4497197e+002  9.7938241e-002
  2.4497697e+002  9.6316657e-002
  2.4498197e+002  9.4229727e-002
  2.4498697e+002  9.1702051e-002
  2.4499196e+002  8.9130903e-002
  2.4499696e+002  8.5859632e-002
  2.4500196e+002  8.2499717e-002
  2.4500696e+002  7.9151623e-002
  2.4501196e+002  7.5783575e-002
  2.4501695e+002  7.2149264e-002
  2.4502195e+002  6.9077685e-002
  2.4502695e+002  6.5601822e-002
  2.4503195e+002  6.2622946e-002
  2.4503695e+002  5.9315137e-002
  2.4504194e+002  5.6042941e-002
  2.4504694e+002  5.2845577e-002
  2.4505194e+002  5.0033555e-002
  2.4505694e+002  4.7044710e-002
  2.4506194e+002  4.4247774e-002
  2.4506693e+002  4.1513340e-002
  2.4507193e+002  3.8820082e-002
  2.4507693e+002  3.6062071e-002
  2.4508193e+002  3.3238896e-002
  2.4508693e+002  3.0743625e-002
  2.4509192e+002  2.8278749e-002
  2.4509692e+002  2.5804710e-002
  2.4510192e+002  2.3928550e-002
  2.4510692e+002  2.2485898e-002
  2.4511192e+002  2.0705132e-002
  2.4511691e+002  1.9838259e-002
  2.4512191e+002  1.9520052e-002
  2.4512691e+002  1.9033537e-002
  2.4513191e+002  1.9096865e-002
  2.4513691e+002  1.9867850e-002
  2.4514190e+002  2.0422799e-002
  2.4514690e+002  2.1502177e-002
  2.4515190e+002  2.3075434e-002
  2.4515690e+002  2.4566892e-002
  2.4516190e+002  2.6451633e-002
  2.4516689e+002  2.8720114e-002
  2.4517189e+002  3.1022512e-002
  2.4517689e+002  3.3391976e-002
  2.4518189e+002  3.6061257e-002
  2.4518689e+002  3.8750209e-002
  2.4519188e+002  4.1604973e-002
  2.4519688e+002  4.4711344e-002
  2.4520188e+002  4.7824395e-002
  2.4520688e+002  5.1293869e-002
  2.4521188e+002  5.4472353e-002
  2.4521687e+002  5.8124745e-002
  2.4522187e+002  6.1939759e-002
  2.4522687e+002  6.5246271e-002
  2.4523187e+002  6.9289173e-002
  2.4523687e+002  7.3264403e-002
  2.4524186e+002  7.6947028e-002
  2.4524686e+002  8.0284636e-002
  2.4525186e+002  8.3449371e-002
  2.4525686e+002  8.6740950e-002
  2.4526186e+002  8.9370226e-002
  2.4526685e+002  9.1599397e-002
  2.4527185e+002  9.3836750e-002
  2.4527685e+002  9.5466798e-002
  2.4528185e+002  9.6616244e-002
  2.4528685e+002  9.7477466e-002
  2.4529184e+002  9.8235949e-002
  2.4529684e+002  9.8685806e-002
  2.4530184e+002  9.9140055e-002
  2.4530684e+002  9.9941186e-002
  2.4531184e+002  9.9374706e-002
  2.4531683e+002  9.8757785e-002
  2.4532183e+002  9.8181111e-002
  2.4532683e+002  9.7434040e-002
  2.4533183e+002  9.6380723e-002
  2.4533683e+002  9.4925679e-002
  2.4534182e+002  9.3123270e-002
  2.4534682e+002  9.0898814e-002
  2.4535182e+002  8.8105423e-002
  2.4535682e+002  8.5374700e-002
  2.4536182e+002  8.2391765e-002
  2.4536681e+002  7.9048384e-002
  2.4537181e+002  7.5700405e-002
  2.4537681e+002  7.2421076e-002
  2.4538181e+002  6.8870880e-002
  2.4538681e+002  6.5572030e-002
  2.4539180e+002  6.2771638e-002
  2.4539680e+002  5.9729337e-002
  2.4540180e+002  5.6881192e-002
  2.4540680e+002  5.4179067e-002
  2.4541180e+002  5.2228115e-002
  2.4541679e+002  4.9526481e-002
  2.4542179e+002  4.7157291e-002
  2.4542679e+002  4.4921594e-002
  2.4543179e+002  4.2244794e-002
  2.4543679e+002  3.9835960e-002
  2.4544178e+002  3.7540257e-002
  2.4544678e+002  3.5575003e-002
  2.4545178e+002  3.3446627e-002
  2.4545678e+002  3.1754424e-002
  2.4546178e+002  3.0296502e-002
  2.4546677e+002  2.8997712e-002
  2.4547177e+002  2.8265491e-002
  2.4547677e+002  2.7761044e-002
  2.4548177e+002  2.7213158e-002
  2.4548677e+002  2.7537039e-002
  2.4549176e+002  2.8021721e-002
  2.4549676e+002  2.8561083e-002
  2.4550176e+002  2.8952619e-002
  2.4550676e+002  3.0536180e-002
  2.4551176e+002  3.1473323e-002
  2.4551675e+002  3.2377532e-002
  2.4552175e+002  3.4065940e-002
  2.4552675e+002  3.5891264e-002
  2.4553175e+002  3.7341620e-002
  2.4553675e+002  3.9235363e-002
  2.4554174e+002  4.1335530e-002
  2.4554674e+002  4.3393516e-002
  2.4555174e+002  4.5744046e-002
  2.4555674e+002  4.8259141e-002
  2.4556174e+002  5.0984713e-002
  2.4556673e+002  5.3704051e-002
  2.4557173e+002  5.6667109e-002
  2.4557673e+002  5.9584996e-002
  2.4558173e+002  6.3038215e-002
  2.4558673e+002  6.5737563e-002
  2.4559172e+002  6.8519609e-002
  2.4559672e+002  7.1605952e-002
  2.4560172e+002  7.4251369e-002
  2.4560672e+002  7.6664734e-002
  2.4561172e+002  7.9083935e-002
  2.4561671e+002  8.1393357e-002
  2.4562171e+002  8.3090776e-002
  2.4562671e+002  8.4637785e-002
  2.4563171e+002  8.6332224e-002
  2.4563671e+002  8.7325719e-002
  2.4564170e+002  8.8283963e-002
  2.4564670e+002  8.9509564e-002
  2.4565170e+002  9.0291650e-002
  2.4565670e+002  9.0971124e-002
  2.4566170e+002  9.2083422e-002
  2.4566669e+002  9.2374043e-002
  2.4567169e+002  9.2866970e-002
  2.4567669e+002  9.2991356e-002
  2.4568169e+002  9.3068593e-002
  2.4568669e+002  9.2941701e-002
  2.4569168e+002  9.2094266e-002
  2.4569668e+002  9.1400525e-002
  2.4570168e+002  8.9908897e-002
  2.4570668e+002  8.8446194e-002
  2.4571168e+002  8.6779815e-002
  2.4571667e+002  8.4624379e-002
  2.4572167e+002  8.2242490e-002
  2.4572667e+002  7.9957113e-002
  2.4573167e+002  7.7637153e-002
  2.4573667e+002  7.5186061e-002
  2.4574166e+002  7.2690205e-002
  2.4574666e+002  7.0286365e-002
  2.4575166e+002  6.7676722e-002
  2.4575666e+002  6.5160490e-002
  2.4576166e+002  6.2655296e-002
  2.4576665e+002  6.0389307e-002
  2.4577165e+002  5.7561994e-002
  2.4577665e+002  5.4537177e-002
  2.4578165e+002  5.1639536e-002
  2.4578665e+002  4.8855012e-002
  2.4579164e+002  4.5971182e-002
  2.4579664e+002  4.3157643e-002
  2.4580164e+002  4.0429033e-002
  2.4580664e+002  3.7705884e-002
  2.4581164e+002  3.5276958e-002
  2.4581663e+002  3.3381923e-002
  2.4582163e+002  3.1539858e-002
  2.4582663e+002  2.9970611e-002
  2.4583163e+002  2.8917346e-002
  2.4583663e+002  2.7974545e-002
  2.4584162e+002  2.7674516e-002
  2.4584662e+002  2.7803217e-002
  2.4585162e+002  2.7600150e-002
  2.4585662e+002  2.8239250e-002
  2.4586162e+002  2.9235792e-002
  2.4586661e+002  3.0353152e-002
  2.4587161e+002  3.1824999e-002
  2.4587661e+002  3.4106517e-002
  2.4588161e+002  3.6270922e-002
  2.4588661e+002  3.8739703e-002
  2.4589160e+002  4.2060744e-002
  2.4589660e+002  4.5575245e-002
  2.4590160e+002  4.9139585e-002
  2.4590660e+002  5.2836177e-002
  2.4591160e+002  5.7107565e-002
  2.4591659e+002  6.1091380e-002
  2.4592159e+002  6.5278534e-002
  2.4592659e+002  6.8538979e-002
  2.4593159e+002  7.2140757e-002
  2.4593659e+002  7.5106616e-002
  2.4594158e+002  7.7635029e-002
  2.4594658e+002  8.0036349e-002
  2.4595158e+002  8.1920470e-002
  2.4595658e+002  8.3731304e-002
  2.4596158e+002  8.4677376e-002
  2.4596657e+002  8.5438056e-002
  2.4597157e+002  8.6325841e-002
  2.4597657e+002  8.6051289e-002
  2.4598157e+002  8.6210245e-002
  2.4598657e+002  8.6383763e-002
  2.4599156e+002  8.6135659e-002
  2.4599656e+002  8.5664386e-002
  2.4600156e+002  8.5373493e-002
  2.4600656e+002  8.5272448e-002
  2.4601156e+002  8.4372043e-002
  2.4601655e+002  8.3705516e-002
  2.4602155e+002  8.3007786e-002
  2.4602655e+002  8.1915014e-002
  2.4603155e+002  8.1036619e-002
  2.4603655e+002  7.9514348e-002
  2.4604154e+002  7.8370096e-002
  2.4604654e+002  7.6797170e-002
  2.4605154e+002  7.5325290e-002
  2.4605654e+002  7.4034288e-002
  2.4606154e+002  7.2167716e-002
  2.4606653e+002  7.0414836e-002
  2.4607153e+002  6.8699192e-002
  2.4607653e+002  6.7302135e-002
  2.4608153e+002  6.5308418e-002
  2.4608653e+002  6.3685179e-002
  2.4609152e+002  6.2440948e-002
  2.4609652e+002  6.1182368e-002
  2.4610152e+002  5.9441726e-002
  2.4610652e+002  5.8251225e-002
  2.4611152e+002  5.7092422e-002
  2.4611651e+002  5.5705266e-002
  2.4612151e+002  5.4386871e-002
  2.4612651e+002  5.3386968e-002
  2.4613151e+002  5.2196311e-002
  2.4613651e+002  5.0902402e-002
  2.4614150e+002  4.9813279e-002
  2.4614650e+002  4.8982764e-002
  2.4615150e+002  4.7557915e-002
  2.4615650e+002  4.6450776e-002
  2.4616150e+002  4.5241659e-002
  2.4616649e+002  4.4298977e-002
  2.4617149e+002  4.3334004e-002
  2.4617649e+002  4.2966409e-002
  2.4618149e+002  4.2361041e-002
  2.4618649e+002  4.2159853e-002
  2.4619148e+002  4.2353816e-002
  2.4619648e+002  4.2647316e-002
  2.4620148e+002  4.3003384e-002
  2.4620648e+002  4.3486687e-002
  2.4621148e+002  4.4110214e-002
  2.4621647e+002  4.4868084e-002
  2.4622147e+002  4.5657417e-002
  2.4622647e+002  4.6550816e-002
  2.4623147e+002  4.7955142e-002
  2.4623647e+002  4.8801829e-002
  2.4624146e+002  5.0514100e-002
  2.4624646e+002  5.1627384e-002
  2.4625146e+002  5.3037565e-002
  2.4625646e+002  5.4610596e-002
  2.4626146e+002  5.6227782e-002
  2.4626645e+002  5.7955513e-002
  2.4627145e+002  5.9878062e-002
  2.4627645e+002  6.1239799e-002
  2.4628145e+002  6.3263090e-002
  2.4628645e+002  6.4529234e-002
  2.4629144e+002  6.6023328e-002
  2.4629644e+002  6.7527487e-002
  2.4630144e+002  6.9245277e-002
  2.4630644e+002  7.0360538e-002
  2.4631144e+002  7.1592769e-002
  2.4631643e+002  7.2659008e-002
  2.4632143e+002  7.3397852e-002
  2.4632643e+002  7.4060652e-002
  2.4633143e+002  7.4850909e-002
  2.4633643e+002  7.5678202e-002
  2.4634142e+002  7.6381942e-002
  2.4634642e+002  7.6853012e-002
  2.4635142e+002  7.7177124e-002
  2.4635642e+002  7.7475552e-002
  2.4636142e+002  7.7795922e-002
  2.4636641e+002  7.7730537e-002
  2.4637141e+002  7.7566017e-002
  2.4637641e+002  7.7525911e-002
  2.4638141e+002  7.7463552e-002
  2.4638641e+002  7.6908985e-002
  2.4639140e+002  7.6551320e-002
  2.4639640e+002  7.6248760e-002
  2.4640140e+002  7.5337720e-002
  2.4640640e+002  7.4386737e-002
  2.4641140e+002  7.3433622e-002
  2.4641639e+002  7.2428500e-002
  2.4642139e+002  7.1108336e-002
  2.4642639e+002  6.9916114e-002
  2.4643139e+002  6.8682985e-002
  2.4643639e+002  6.7225711e-002
  2.4644138e+002  6.5791152e-002
  2.4644638e+002  6.4469356e-002
  2.4645138e+002  6.2953605e-002
  2.4645638e+002  6.1727087e-002
  2.4646138e+002  6.0304471e-002
  2.4646637e+002  5.9132878e-002
  2.4647137e+002  5.7340075e-002
  2.4647637e+002  5.6025028e-002
  2.4648137e+002  5.4787737e-002
  2.4648637e+002  5.3236730e-002
  2.4649136e+002  5.1845623e-002
  2.4649636e+002  5.0860583e-002
  2.4650136e+002  4.9771697e-002
  2.4650636e+002  4.8873182e-002
  2.4651136e+002  4.8290725e-002
  2.4651635e+002  4.7629522e-002
  2.4652135e+002  4.7289948e-002
  2.4652635e+002  4.7075644e-002
  2.4653135e+002  4.7466851e-002
  2.4653635e+002  4.8022083e-002
  2.4654134e+002  4.8617184e-002
  2.4654634e+002  4.9577305e-002
  2.4655134e+002  5.0430918e-002
  2.4655634e+002  5.1332605e-002
  2.4656134e+002  5.2597304e-002
  2.4656633e+002  5.3353537e-002
  2.4657133e+002  5.4262376e-002
  2.4657633e+002  5.5575919e-002
  2.4658133e+002  5.6653659e-002
  2.4658633e+002  5.8051454e-002
  2.4659132e+002  5.9220873e-002
  2.4659632e+002  6.0775671e-002
  2.4660132e+002  6.2335799e-002
  2.4660632e+002  6.4142853e-002
  2.4661132e+002  6.5658542e-002
  2.4661631e+002  6.7378589e-002
  2.4662131e+002  6.9075156e-002
  2.4662631e+002  7.0474707e-002
  2.4663131e+002  7.2127309e-002
  2.4663631e+002  7.3516796e-002
  2.4664130e+002  7.4732512e-002
  2.4664630e+002  7.5664321e-002
  2.4665130e+002  7.6624428e-002
  2.4665630e+002  7.7609501e-002
  2.4666130e+002  7.8272829e-002
  2.4666629e+002  7.9019521e-002
  2.4667129e+002  7.9733429e-002
  2.4667629e+002  7.9972254e-002
  2.4668129e+002  7.9974589e-002
  2.4668629e+002  8.0047229e-002
  2.4669128e+002  8.0232576e-002
  2.4669628e+002  7.9908583e-002
  2.4670128e+002  7.9573218e-002
  2.4670628e+002  7.9082151e-002
  2.4671128e+002  7.8437075e-002
  2.4671627e+002  7.7816872e-002
  2.4672127e+002  7.7035184e-002
  2.4672627e+002  7.6409242e-002
  2.4673127e+002  7.5533462e-002
  2.4673627e+002  7.4522575e-002
  2.4674126e+002  7.3473028e-002
  2.4674626e+002  7.2352672e-002
  2.4675126e+002  7.1011957e-002
  2.4675626e+002  6.9397222e-002
  2.4676126e+002  6.7976791e-002
  2.4676625e+002  6.6271328e-002
  2.4677125e+002  6.4689606e-002
  2.4677625e+002  6.3321829e-002
  2.4678125e+002  6.1851462e-002
  2.4678625e+002  6.0153814e-002
  2.4679124e+002  5.8882005e-002
  2.4679624e+002  5.7743429e-002
  2.4680124e+002  5.6524348e-002
  2.4680624e+002  5.4967474e-002
  2.4681124e+002  5.4013769e-002
  2.4681623e+002  5.2994471e-002
  2.4682123e+002  5.1925903e-002
  2.4682623e+002  5.1170073e-002
  2.4683123e+002  5.0548897e-002
  2.4683623e+002  4.9806574e-002
  2.4684122e+002  4.9301048e-002
  2.4684622e+002  4.8772546e-002
  2.4685122e+002  4.8350598e-002
  2.4685622e+002  4.8251566e-002
  2.4686122e+002  4.8097705e-002
  2.4686621e+002  4.7916728e-002
  2.4687121e+002  4.8023841e-002
  2.4687621e+002  4.8450526e-002
  2.4688121e+002  4.8942447e-002
  2.4688621e+002  4.8988858e-002
  2.4689120e+002  4.9738864e-002
  2.4689620e+002  5.0360741e-002
  2.4690120e+002  5.0979827e-002
  2.4690620e+002  5.1791677e-002
  2.4691120e+002  5.2922952e-002
  2.4691619e+002  5.3623531e-002
  2.4692119e+002  5.5014766e-002
  2.4692619e+002  5.6680168e-002
  2.4693119e+002  5.8206913e-002
  2.4693619e+002  6.0368388e-002
  2.4694118e+002  6.2732101e-002
  2.4694618e+002  6.4553320e-002
  2.4695118e+002  6.6811451e-002
  2.4695618e+002  6.8622255e-002
  2.4696118e+002  7.0563328e-002
  2.4696617e+002  7.2169986e-002
  2.4697117e+002  7.3971786e-002
  2.4697617e+002  7.5415341e-002
  2.4698117e+002  7.7086018e-002
  2.4698617e+002  7.8212377e-002
  2.4699116e+002  7.9553891e-002
  2.4699616e+002  8.0598295e-002
  2.4700116e+002  8.1502334e-002
  2.4700616e+002  8.2962589e-002
  2.4701116e+002  8.4085020e-002
  2.4701615e+002  8.4570918e-002
  2.4702115e+002  8.4939838e-002
  2.4702615e+002  8.5156014e-002
  2.4703115e+002  8.5262613e-002
  2.4703615e+002  8.5004896e-002
  2.4704114e+002  8.4701595e-002
  2.4704614e+002  8.4513875e-002
  2.4705114e+002  8.3725633e-002
  2.4705614e+002  8.3018458e-002
  2.4706114e+002  8.2415657e-002
  2.4706613e+002  8.1779571e-002
  2.4707113e+002  8.0473027e-002
  2.4707613e+002  7.8977706e-002
  2.4708113e+002  7.8056220e-002
  2.4708613e+002  7.6746029e-002
  2.4709112e+002  7.4914199e-002
  2.4709612e+002  7.4121005e-002
  2.4710112e+002  7.2616506e-002
  2.4710612e+002  7.0917213e-002
  2.4711112e+002  7.0156473e-002
  2.4711611e+002  6.8080705e-002
  2.4712111e+002  6.5751010e-002
  2.4712611e+002  6.3555863e-002
  2.4713111e+002  6.1184860e-002
  2.4713611e+002  5.8420531e-002
  2.4714110e+002  5.6095749e-002
  2.4714610e+002  5.3816942e-002
  2.4715110e+002  5.1115227e-002
  2.4715610e+002  4.9102198e-002
  2.4716110e+002  4.7240475e-002
  2.4716609e+002  4.4979788e-002
  2.4717109e+002  4.3172893e-002
  2.4717609e+002  4.1976185e-002
  2.4718109e+002  4.0710700e-002
  2.4718609e+002  3.9291238e-002
  2.4719108e+002  3.8764560e-002
  2.4719608e+002  3.8212226e-002
  2.4720108e+002  3.7467533e-002
  2.4720608e+002  3.7236500e-002
  2.4721108e+002  3.7300043e-002
  2.4721607e+002  3.7588738e-002
  2.4722107e+002  3.7457571e-002
  2.4722607e+002  3.8311553e-002
  2.4723107e+002  3.9264372e-002
  2.4723607e+002  3.9821760e-002
  2.4724106e+002  4.1291057e-002
  2.4724606e+002  4.3524475e-002
  2.4725106e+002  4.4818169e-002
  2.4725606e+002  4.6710220e-002
  2.4726106e+002  4.8780924e-002
  2.4726605e+002  5.0527898e-002
  2.4727105e+002  5.2846267e-002
  2.4727605e+002  5.4569097e-002
  2.4728105e+002  5.6664015e-002
  2.4728605e+002  5.9047321e-002
  2.4729104e+002  6.0944213e-002
  2.4729604e+002  6.2686095e-002
  2.4730104e+002  6.4898405e-002
  2.4730604e+002  6.6544632e-002
  2.4731104e+002  6.8749147e-002
  2.4731603e+002  7.0434229e-002
  2.4732103e+002  7.2273253e-002
  2.4732603e+002  7.3973131e-002
  2.4733103e+002  7.6054655e-002
  2.4733603e+002  7.7676638e-002
  2.4734102e+002  7.9383845e-002
  2.4734602e+002  8.1232184e-002
  2.4735102e+002  8.3012571e-002
  2.4735602e+002  8.4725362e-002
  2.4736102e+002  8.6575074e-002
  2.4736601e+002  8.7416716e-002
  2.4737101e+002  8.8645350e-002
  2.4737601e+002  8.9641428e-002
  2.4738101e+002  9.0161177e-002
  2.4738601e+002  9.0698744e-002
  2.4739100e+002  9.1307497e-002
  2.4739600e+002  9.0902427e-002
  2.4740100e+002  9.0812945e-002
  2.4740600e+002  9.0259698e-002
  2.4741100e+002  8.9620486e-002
  2.4741599e+002  8.9049011e-002
  2.4742099e+002  8.7839710e-002
  2.4742599e+002  8.6719654e-002
  2.4743099e+002  8.5620933e-002
  2.4743599e+002  8.3709057e-002
  2.4744098e+002  8.2164468e-002
  2.4744598e+002  8.0397021e-002
  2.4745098e+002  7.8060538e-002
  2.4745598e+002  7.5454986e-002
  2.4746098e+002  7.2741823e-002
  2.4746597e+002  7.0237145e-002
  2.4747097e+002  6.7723668e-002
  2.4747597e+002  6.4861812e-002
  2.4748097e+002  6.2832962e-002
  2.4748597e+002  6.0329647e-002
  2.4749096e+002  5.7956064e-002
  2.4749596e+002  5.5928580e-002
  2.4750096e+002  5.3955916e-002
  2.4750596e+002  5.1987355e-002
  2.4751096e+002  4.9874631e-002
  2.4751595e+002  4.8181580e-002
  2.4752095e+002  4.6443828e-002
  2.4752595e+002  4.4354821e-002
  2.4753095e+002  4.2736021e-002
  2.4753595e+002  4.1468568e-002
  2.4754094e+002  3.9843270e-002
  2.4754594e+002  3.8722604e-002
  2.4755094e+002  3.7888194e-002
  2.4755594e+002  3.7298119e-002
  2.4756094e+002  3.6880018e-002
  2.4756593e+002  3.6678303e-002
  2.4757093e+002  3.7063428e-002
  2.4757593e+002  3.7743111e-002
  2.4758093e+002  3.7948264e-002
  2.4758593e+002  3.8872497e-002
  2.4759092e+002  3.9497194e-002
  2.4759592e+002  4.0171759e-002
  2.4760092e+002  4.1101733e-002
  2.4760592e+002  4.2262238e-002
  2.4761092e+002  4.3440508e-002
  2.4761591e+002  4.4704819e-002
  2.4762091e+002  4.6623195e-002
  2.4762591e+002  4.8660531e-002
  2.4763091e+002  5.1045551e-002
  2.4763591e+002  5.3437527e-002
  2.4764090e+002  5.6167610e-002
  2.4764590e+002  5.8660625e-002
  2.4765090e+002  6.1297478e-002
  2.4765590e+002  6.3948252e-002
  2.4766090e+002  6.6267942e-002
  2.4766589e+002  6.8870886e-002
  2.4767089e+002  7.1171213e-002
  2.4767589e+002  7.3661753e-002
  2.4768089e+002  7.6355194e-002
  2.4768589e+002  7.9284044e-002
  2.4769088e+002  8.2137220e-002
  2.4769588e+002  8.4965828e-002
  2.4770088e+002  8.7555394e-002
  2.4770588e+002  8.9803603e-002
  2.4771088e+002  9.1950947e-002
  2.4771587e+002  9.2995349e-002
  2.4772087e+002  9.4424346e-002
  2.4772587e+002  9.5552656e-002
  2.4773087e+002  9.6085798e-002
  2.4773587e+002  9.6493813e-002
  2.4774086e+002  9.6819430e-002
  2.4774586e+002  9.6528714e-002
  2.4775086e+002  9.6837143e-002
  2.4775586e+002  9.7016833e-002
  2.4776086e+002  9.6898461e-002
  2.4776585e+002  9.6826491e-002
  2.4777085e+002  9.6671867e-002
  2.4777585e+002  9.6421823e-002
  2.4778085e+002  9.5708267e-002
  2.4778585e+002  9.4379729e-002
  2.4779084e+002  9.3020109e-002
  2.4779584e+002  9.1119605e-002
  2.4780084e+002  8.8766574e-002
  2.4780584e+002  8.6386845e-002
  2.4781084e+002  8.4192244e-002
  2.4781583e+002  8.1439420e-002
  2.4782083e+002  7.9093005e-002
  2.4782583e+002  7.6504170e-002
  2.4783083e+002  7.3930940e-002
  2.4783583e+002  7.1136775e-002
  2.4784082e+002  6.8874784e-002
  2.4784582e+002  6.6593752e-002
  2.4785082e+002  6.4305728e-002
  2.4785582e+002  6.1572404e-002
  2.4786082e+002  5.9096310e-002
  2.4786581e+002  5.6401326e-002
  2.4787081e+002  5.3528205e-002
  2.4787581e+002  5.0604346e-002
  2.4788081e+002  4.7907929e-002
  2.4788581e+002  4.5117387e-002
  2.4789080e+002  4.2531882e-002
  2.4789580e+002  4.0923406e-002
  2.4790080e+002  3.9705152e-002
  2.4790580e+002  3.8236351e-002
  2.4791080e+002  3.7875625e-002
  2.4791579e+002  3.7390185e-002
  2.4792079e+002  3.6833424e-002
  2.4792579e+002  3.6499900e-002
  2.4793079e+002  3.6341604e-002
  2.4793579e+002  3.6041578e-002
  2.4794078e+002  3.6290949e-002
  2.4794578e+002  3.6771656e-002
  2.4795078e+002  3.7296380e-002
  2.4795578e+002  3.8518000e-002
  2.4796078e+002  3.9544180e-002
  2.4796577e+002  4.1337780e-002
  2.4797077e+002  4.2477368e-002
  2.4797577e+002  4.3974979e-002
  2.4798077e+002  4.6035104e-002
  2.4798577e+002  4.8228532e-002
  2.4799076e+002  5.0401380e-002
  2.4799576e+002  5.3347981e-002
  2.4800076e+002  5.5719554e-002
  2.4800576e+002  5.8415658e-002
  2.4801076e+002  6.1095992e-002
  2.4801575e+002  6.3956082e-002
  2.4802075e+002  6.7051554e-002
  2.4802575e+002  6.9949680e-002
  2.4803075e+002  7.3013120e-002
  2.4803575e+002  7.5666689e-002
  2.4804074e+002  7.8036825e-002
  2.4804574e+002  8.0639106e-002
  2.4805074e+002  8.2561455e-002
  2.4805574e+002  8.5079473e-002
  2.4806074e+002  8.7555958e-002
  2.4806573e+002  8.9312888e-002
  2.4807073e+002  9.1079596e-002
  2.4807573e+002  9.2975945e-002
  2.4808073e+002  9.3979534e-002
  2.4808573e+002  9.5664899e-002
  2.4809072e+002  9.7272142e-002
  2.4809572e+002  9.8679661e-002
  2.4810072e+002  1.0009968e-001
  2.4810572e+002  1.0136921e-001
  2.4811072e+002  1.0173396e-001
  2.4811571e+002  1.0212575e-001
  2.4812071e+002  1.0285004e-001
  2.4812571e+002  1.0280382e-001
  2.4813071e+002  1.0261617e-001
  2.4813571e+002  1.0266743e-001
  2.4814070e+002  1.0065881e-001
  2.4814570e+002  9.8166189e-002
  2.4815070e+002  9.5871417e-002
  2.4815570e+002  9.2420393e-002
  2.4816070e+002  8.9093557e-002
  2.4816569e+002  8.6375473e-002
  2.4817069e+002  8.4497186e-002
  2.4817569e+002  8.2664460e-002
  2.4818069e+002  8.0460781e-002
  2.4818569e+002  7.8503787e-002
  2.4819068e+002  7.4695387e-002
  2.4819568e+002  7.0408195e-002
  2.4820068e+002  6.7637322e-002
  2.4820568e+002  6.3042023e-002
  2.4821068e+002  5.9078803e-002
  2.4821567e+002  5.5922800e-002
  2.4822067e+002  5.3543276e-002
  2.4822567e+002  5.1625606e-002
  2.4823067e+002  5.0091286e-002
  2.4823567e+002  4.7909315e-002
  2.4824066e+002  4.5354606e-002
  2.4824566e+002  4.2573355e-002
  2.4825066e+002  4.0334513e-002
  2.4825566e+002  3.7567907e-002
  2.4826066e+002  3.4795941e-002
  2.4826565e+002  3.1477983e-002
  2.4827065e+002  2.9120458e-002
  2.4827565e+002  2.8505172e-002
  2.4828065e+002  2.7921826e-002
  2.4828565e+002  2.6501541e-002
  2.4829064e+002  2.5036515e-002
  2.4829564e+002  2.4494083e-002
  2.4830064e+002  2.4956191e-002
  2.4830564e+002  2.6437660e-002
  2.4831064e+002  2.7118836e-002
  2.4831563e+002  2.8427049e-002
  2.4832063e+002  3.0242166e-002
  2.4832563e+002  3.2518737e-002
  2.4833063e+002  3.4268860e-002
  2.4833563e+002  3.6320291e-002
  2.4834062e+002  3.9158410e-002
  2.4834562e+002  4.1089053e-002
  2.4835062e+002  4.3161547e-002
  2.4835562e+002  4.5621874e-002
  2.4836062e+002  4.8263966e-002
  2.4836561e+002  5.0911067e-002
  2.4837061e+002  5.3666372e-002
  2.4837561e+002  5.6787559e-002
  2.4838061e+002  5.9518689e-002
  2.4838561e+002  6.2762360e-002
  2.4839060e+002  6.5710401e-002
  2.4839560e+002  6.8380738e-002
  2.4840060e+002  7.0848186e-002
  2.4840560e+002  7.3056964e-002
  2.4841060e+002  7.4294537e-002
  2.4841559e+002  7.5342368e-002
  2.4842059e+002  7.6839276e-002
  2.4842559e+002  7.8235768e-002
  2.4843059e+002  7.9256026e-002
  2.4843559e+002  8.0659128e-002
  2.4844058e+002  8.1821274e-002
  2.4844558e+002  8.2626186e-002
  2.4845058e+002  8.4151594e-002
  2.4845558e+002  8.5060122e-002
  2.4846058e+002  8.6152206e-002
  2.4846557e+002  8.7428975e-002
  2.4847057e+002  8.7731380e-002
  2.4847557e+002  8.8136582e-002
  2.4848057e+002  8.8360635e-002
  2.4848557e+002  8.8581614e-002
  2.4849056e+002  8.8928156e-002
  2.4849556e+002  8.9273556e-002
  2.4850056e+002  8.9910908e-002
  2.4850556e+002  9.0456993e-002
  2.4851056e+002  9.0896062e-002
  2.4851555e+002  9.1020698e-002
  2.4852055e+002  9.0531603e-002
  2.4852555e+002  9.0537769e-002
  2.4853055e+002  9.0152868e-002
  2.4853555e+002  8.9211580e-002
  2.4854054e+002  8.7839021e-002
  2.4854554e+002  8.6211498e-002
  2.4855054e+002  8.3775211e-002
  2.4855554e+002  8.1223603e-002
  2.4856054e+002  7.8539070e-002
  2.4856553e+002  7.5097506e-002
  2.4857053e+002  7.1553568e-002
  2.4857553e+002  6.8740799e-002
  2.4858053e+002  6.6232753e-002
  2.4858553e+002  6.3852734e-002
  2.4859052e+002  6.2021199e-002
  2.4859552e+002  6.1497199e-002
  2.4860052e+002  6.0427867e-002
  2.4860552e+002  5.9686408e-002
  2.4861052e+002  5.8887942e-002
  2.4861551e+002  5.7305476e-002
  2.4862051e+002  5.5908485e-002
  2.4862551e+002  5.4924488e-002
  2.4863051e+002  5.3634239e-002
  2.4863551e+002  5.2137125e-002
  2.4864050e+002  5.0592431e-002
  2.4864550e+002  4.9139960e-002
  2.4865050e+002  4.7947811e-002
  2.4865550e+002  4.7726110e-002
  2.4866050e+002  4.7985721e-002
  2.4866549e+002  4.8567481e-002
  2.4867049e+002  4.9653377e-002
  2.4867549e+002  5.0347412e-002
  2.4868049e+002  5.0287316e-002
  2.4868549e+002  5.0932192e-002
  2.4869048e+002  5.1534250e-002
  2.4869548e+002  5.2592633e-002
  2.4870048e+002  5.3314547e-002
  2.4870548e+002  5.3784986e-002
  2.4871048e+002  5.4870647e-002
  2.4871547e+002  5.5263214e-002
  2.4872047e+002  5.6103754e-002
  2.4872547e+002  5.7783076e-002
  2.4873047e+002  5.9519773e-002
  2.4873547e+002  6.1608139e-002
  2.4874046e+002  6.3315972e-002
  2.4874546e+002  6.5692325e-002
  2.4875046e+002  6.7895537e-002
  2.4875546e+002  7.0900216e-002
  2.4876046e+002  7.3572093e-002
  2.4876545e+002  7.6605499e-002
  2.4877045e+002  8.0138526e-002
  2.4877545e+002  8.2367133e-002
  2.4878045e+002  8.4691772e-002
  2.4878545e+002  8.7411099e-002
  2.4879044e+002  9.0045576e-002
  2.4879544e+002  9.1640735e-002
  2.4880044e+002  9.3961426e-002
  2.4880544e+002  9.6271828e-002
  2.4881044e+002  9.7794590e-002
  2.4881543e+002  9.9525819e-002
  2.4882043e+002  1.0116381e-001
  2.4882543e+002  1.0144620e-001
  2.4883043e+002  1.0162040e-001
  2.4883543e+002  1.0108818e-001
  2.4884042e+002  1.0012196e-001
  2.4884542e+002  9.9541765e-002
  2.4885042e+002  9.8897033e-002
  2.4885542e+002  9.7947848e-002
  2.4886042e+002  9.7276461e-002
  2.4886541e+002  9.6502764e-002
  2.4887041e+002  9.5041470e-002
  2.4887541e+002  9.4756386e-002
  2.4888041e+002  9.3963676e-002
  2.4888541e+002  9.2763888e-002
  2.4889040e+002  9.1792241e-002
  2.4889540e+002  9.1330550e-002
  2.4890040e+002  8.9854310e-002
  2.4890540e+002  8.9087096e-002
  2.4891040e+002  8.8588879e-002
  2.4891539e+002  8.6845549e-002
  2.4892039e+002  8.5215649e-002
  2.4892539e+002  8.3935283e-002
  2.4893039e+002  8.2317480e-002
  2.4893539e+002  8.0324945e-002
  2.4894038e+002  7.9066463e-002
  2.4894538e+002  7.7735423e-002
  2.4895038e+002  7.6075234e-002
  2.4895538e+002  7.4411695e-002
  2.4896038e+002  7.3618678e-002
  2.4896537e+002  7.1672166e-002
  2.4897037e+002  6.9108580e-002
  2.4897537e+002  6.6785974e-002
  2.4898037e+002  6.4554672e-002
  2.4898537e+002  6.2085310e-002
  2.4899036e+002  6.0055022e-002
  2.4899536e+002  5.8822592e-002
  2.4900036e+002  5.7413290e-002
  2.4900536e+002  5.6075086e-002
  2.4901036e+002  5.5979992e-002
  2.4901535e+002  5.5501210e-002
  2.4902035e+002  5.5240532e-002
  2.4902535e+002  5.5707159e-002
  2.4903035e+002  5.6695935e-002
  2.4903535e+002  5.7600952e-002
  2.4904034e+002  5.8541361e-002
  2.4904534e+002  5.9940628e-002
  2.4905034e+002  6.0487255e-002
  2.4905534e+002  6.1711219e-002
  2.4906034e+002  6.2984630e-002
  2.4906533e+002  6.3841846e-002
  2.4907033e+002  6.5057246e-002
  2.4907533e+002  6.6232174e-002
  2.4908033e+002  6.6666812e-002
  2.4908533e+002  6.7682169e-002
  2.4909032e+002  6.8538975e-002
  2.4909532e+002  6.9555260e-002
  2.4910032e+002  7.1080721e-002
  2.4910532e+002  7.2649614e-002
  2.4911032e+002  7.3423870e-002
  2.4911531e+002  7.5175026e-002
  2.4912031e+002  7.6426165e-002
  2.4912531e+002  7.7773264e-002
  2.4913031e+002  7.9385517e-002
  2.4913531e+002  8.0368877e-002
  2.4914030e+002  8.1868604e-002
  2.4914530e+002  8.2508109e-002
  2.4915030e+002  8.3670817e-002
  2.4915530e+002  8.4653117e-002
  2.4916030e+002  8.5594298e-002
  2.4916529e+002  8.6666388e-002
  2.4917029e+002  8.7649594e-002
  2.4917529e+002  8.8344804e-002
  2.4918029e+002  8.8603913e-002
  2.4918529e+002  8.9866463e-002
  2.4919028e+002  9.0488147e-002
  2.4919528e+002  9.0540548e-002
  2.4920028e+002  9.0611321e-002
  2.4920528e+002  9.0992550e-002
  2.4921028e+002  9.0060933e-002
  2.4921527e+002  8.9093874e-002
  2.4922027e+002  8.8694586e-002
  2.4922527e+002  8.7472698e-002
  2.4923027e+002  8.6128913e-002
  2.4923527e+002  8.4336568e-002
  2.4924026e+002  8.3055259e-002
  2.4924526e+002  8.0987219e-002
  2.4925026e+002  7.9909734e-002
  2.4925526e+002  7.9177644e-002
  2.4926026e+002  7.7679188e-002
  2.4926525e+002  7.6618709e-002
  2.4927025e+002  7.5785026e-002
  2.4927525e+002  7.4630171e-002
  2.4928025e+002  7.3818755e-002
  2.4928525e+002  7.3562972e-002
  2.4929024e+002  7.3416236e-002
  2.4929524e+002  7.2570915e-002
  2.4930024e+002  7.2037721e-002
  2.4930524e+002  7.1538320e-002
  2.4931024e+002  7.0787694e-002
  2.4931523e+002  6.9971794e-002
  2.4932023e+002  6.9708958e-002
  2.4932523e+002  6.8533473e-002
  2.4933023e+002  6.7246481e-002
  2.4933523e+002  6.6957629e-002
  2.4934022e+002  6.5897983e-002
  2.4934522e+002  6.5212666e-002
  2.4935022e+002  6.5145073e-002
  2.4935522e+002  6.5075214e-002
  2.4936022e+002  6.5073816e-002
  2.4936521e+002  6.5087878e-002
  2.4937021e+002  6.4974818e-002
  2.4937521e+002  6.4843687e-002
  2.4938021e+002  6.5232219e-002
  2.4938521e+002  6.5314571e-002
  2.4939020e+002  6.5748023e-002
  2.4939520e+002  6.5825955e-002
  2.4940020e+002  6.6758901e-002
  2.4940520e+002  6.7429403e-002
  2.4941020e+002  6.7572453e-002
  2.4941519e+002  6.8795411e-002
  2.4942019e+002  6.9604393e-002
  2.4942519e+002  7.0227288e-002
  2.4943019e+002  7.1456197e-002
  2.4943519e+002  7.2646297e-002
  2.4944018e+002  7.3156322e-002
  2.4944518e+002  7.5181158e-002
  2.4945018e+002  7.6840027e-002
  2.4945518e+002  7.8087151e-002
  2.4946018e+002  8.0498937e-002
  2.4946517e+002  8.2404909e-002
  2.4947017e+002  8.3706077e-002
  2.4947517e+002  8.5680781e-002
  2.4948017e+002  8.7824934e-002
  2.4948517e+002  8.8403739e-002
  2.4949016e+002  8.9730164e-002
  2.4949516e+002  9.0734100e-002
  2.4950016e+002  9.0731600e-002
  2.4950516e+002  9.0510808e-002
  2.4951016e+002  9.0863487e-002
  2.4951515e+002  9.1121069e-002
  2.4952015e+002  8.9954479e-002
  2.4952515e+002  8.9109003e-002
  2.4953015e+002  8.8264896e-002
  2.4953515e+002  8.7410864e-002
  2.4954014e+002  8.7344720e-002
  2.4954514e+002  8.6862366e-002
  2.4955014e+002  8.7476675e-002
  2.4955514e+002  8.8733194e-002
  2.4956014e+002  8.9629540e-002
  2.4956513e+002  9.0945009e-002
  2.4957013e+002  9.2160814e-002
  2.4957513e+002  9.3051434e-002
  2.4958013e+002  9.3134950e-002
  2.4958513e+002  9.3182360e-002
  2.4959012e+002  9.3060730e-002
  2.4959512e+002  9.1665139e-002
  2.4960012e+002  8.9960587e-002
  2.4960512e+002  8.7832690e-002
  2.4961012e+002  8.5805612e-002
  2.4961511e+002  8.4193479e-002
  2.4962011e+002  8.3023934e-002
  2.4962511e+002  8.1928585e-002
  2.4963011e+002  8.1304587e-002
  2.4963511e+002  8.1481079e-002
  2.4964010e+002  8.1403409e-002
  2.4964510e+002  8.1649764e-002
  2.4965010e+002  8.1373533e-002
  2.4965510e+002  8.1386286e-002
  2.4966010e+002  8.1506159e-002
  2.4966509e+002  8.0207590e-002
  2.4967009e+002  7.9080708e-002
  2.4967509e+002  7.7877900e-002
  2.4968009e+002  7.6169625e-002
  2.4968509e+002  7.4830504e-002
  2.4969008e+002  7.2978625e-002
  2.4969508e+002  7.1705750e-002
  2.4970008e+002  7.0296868e-002
  2.4970508e+002  6.9422522e-002
  2.4971008e+002  6.9242753e-002
  2.4971507e+002  6.9566773e-002
  2.4972007e+002  7.0103417e-002
  2.4972507e+002  7.1575829e-002
  2.4973007e+002  7.3107462e-002
  2.4973507e+002  7.4522615e-002
  2.4974006e+002  7.6626807e-002
  2.4974506e+002  7.8554545e-002
  2.4975006e+002  8.0146466e-002
  2.4975506e+002  8.2094458e-002
  2.4976006e+002  8.3258222e-002
  2.4976505e+002  8.4247019e-002
  2.4977005e+002  8.4483661e-002
  2.4977505e+002  8.5047186e-002
  2.4978005e+002  8.5802489e-002
  2.4978505e+002  8.6334381e-002
  2.4979004e+002  8.6899011e-002
  2.4979504e+002  8.7474391e-002
  2.4980004e+002  8.8425584e-002
  2.4980504e+002  8.9042869e-002
  2.4981004e+002  9.0760391e-002
  2.4981503e+002  9.1944016e-002
  2.4982003e+002  9.4031365e-002
  2.4982503e+002  9.5637662e-002
  2.4983003e+002  9.6922622e-002
  2.4983503e+002  9.7678024e-002
  2.4984002e+002  9.8563413e-002
  2.4984502e+002  9.9283328e-002
  2.4985002e+002  9.9722005e-002
  2.4985502e+002  1.0042454e-001
  2.4986002e+002  1.0087008e-001
  2.4986501e+002  1.0126570e-001
  2.4987001e+002  1.0145072e-001
  2.4987501e+002  1.0167066e-001
  2.4988001e+002  1.0192992e-001
  2.4988501e+002  1.0181783e-001
  2.4989000e+002  1.0235166e-001
  2.4989500e+002  1.0221397e-001
  2.4990000e+002  1.0159213e-001
  2.4990500e+002  1.0250764e-001
  2.4991000e+002  1.0214779e-001
  2.4991499e+002  1.0242236e-001
  2.4991999e+002  1.0239434e-001
  2.4992499e+002  1.0222265e-001
  2.4992999e+002  1.0210896e-001
  2.4993499e+002  1.0164533e-001
  2.4993998e+002  1.0072069e-001
  2.4994498e+002  9.9746480e-002
  2.4994998e+002  9.7905802e-002
  2.4995498e+002  9.6731283e-002
  2.4995998e+002  9.5586061e-002
  2.4996497e+002  9.4038467e-002
  2.4996997e+002  9.3085118e-002
  2.4997497e+002  9.2210170e-002
  2.4997997e+002  9.1398681e-002
  2.4998497e+002  9.1013356e-002
  2.4998996e+002  9.1065941e-002
  2.4999496e+002  9.0752807e-002
